block_seq_num,block_var_num,block_route_num,block_run_num
4688185,1,40,1
4688186,1,40,3
4688187,1,40,2
4688188,1,40,5
4688189,1,40,4
4688190,1,40,6
4688191,1,40,8
4688192,1,40,7
4688193,1,40,10
4688194,1,40,9
4688195,1,40,12
4688196,1,40,11
4688197,1,675,3
4688198,1,675,4
4688199,1,675,5
4688200,1,675,6
4688201,1,675,8
4688202,1,675,9
4688203,1,675,10
4688204,1,675,11
4688205,1,675,12
4688206,1,675,13
4688207,1,675,14
4688208,1,675,15
4688209,1,675,18
4688210,1,673,2
4688211,1,673,3
4688212,1,673,4
4688213,1,673,5
4688214,1,673,6
4688215,1,673,8
4688216,1,673,12
4688217,1,674,2
4688218,1,674,3
4688219,1,674,8
4688220,1,674,11
4688221,1,674,9
4688222,1,674,10
4688223,1,673,16
4688224,1,673,15
4688225,1,675,16
4688226,1,673,11
4688227,1,673,7
4688228,1,673,9
4688229,1,673,10
4688230,1,40,13
4688231,1,40,14
4688232,1,673,14
4688233,1,5,2
4688234,1,5,3
4688235,1,5,4
4688236,1,5,5
4688237,1,5,6
4688238,1,5,7
4688239,1,5,8
4688240,1,5,9
4688241,1,5,10
4688242,1,5,11
4688243,1,5,12
4688244,1,5,13
4688245,1,5,14
4688246,1,5,15
4688247,1,5,16
4688248,1,5,17
4688249,1,5,18
4688250,1,5,19
4688251,1,60,1
4688252,1,60,2
4688253,1,60,3
4688254,1,60,4
4688255,1,60,5
4688256,1,60,6
4688257,1,71,1
4688258,1,71,2
4688259,1,71,3
4688260,1,106,1
4688261,1,106,2
4688262,1,106,3
4688263,1,106,4
4688264,1,106,5
4688265,1,106,6
4688266,1,106,7
4688267,1,106,8
4688268,1,106,9
4688269,1,106,10
4688270,1,106,11
4688271,1,125,1
4688272,1,125,2
4688273,1,125,3
4688274,1,5,1
4688275,1,673,1
4688276,1,40,15
4688277,1,674,1
4688278,1,674,7
4688279,1,675,1
4688280,1,675,2
4688281,1,674,4
4688282,1,674,5
4688283,1,674,6
4688284,1,674,17
4688285,1,674,16
4688286,1,674,12
4688287,1,674,14
4688288,1,674,13
4688289,1,674,15
4688290,1,675,7
4688291,1,675,17
4688292,1,40,16
4688293,1,673,13
4688294,1,675,3
4688295,1,675,4
4688296,1,675,5
4688297,1,675,6
4688298,1,675,7
4688299,1,675,9
4688300,1,675,10
4688301,1,673,2
4688302,1,673,3
4688303,1,673,4
4688304,1,673,5
4688305,1,673,6
4688306,1,673,8
4688307,1,674,3
4688308,1,674,2
4688309,1,674,4
4688310,1,674,6
4688311,1,674,8
4688312,1,674,9
4688313,1,673,14
4688314,1,673,9
4688315,1,673,7
4688316,1,673,10
4688317,1,673,12
4688318,1,673,11
4688319,1,674,5
4688320,1,5,2
4688321,1,5,3
4688322,1,5,4
4688323,1,5,5
4688324,1,5,6
4688325,1,5,7
4688326,1,5,8
4688327,1,5,9
4688328,1,5,10
4688329,1,5,11
4688330,1,5,12
4688331,1,5,13
4688332,1,5,14
4688333,1,5,15
4688334,1,5,16
4688335,1,5,17
4688336,1,5,18
4688337,1,5,19
4688338,1,5,20
4688339,1,5,23
4688340,1,5,22
4688341,1,5,24
4688342,1,40,1
4688343,1,40,2
4688344,1,40,3
4688345,1,40,4
4688346,1,40,5
4688347,1,40,6
4688348,1,40,7
4688349,1,40,8
4688350,1,40,9
4688351,1,40,10
4688352,1,40,11
4688353,1,40,12
4688354,1,40,13
4688355,1,40,14
4688356,1,40,15
4688357,1,60,1
4688358,1,60,2
4688359,1,60,3
4688360,1,60,4
4688361,1,60,5
4688362,1,106,1
4688363,1,106,2
4688364,1,106,3
4688365,1,106,4
4688366,1,106,5
4688367,1,106,6
4688368,1,125,1
4688369,1,125,2
4688370,1,125,3
4688371,1,5,1
4688372,1,673,1
4688373,1,60,6
4688374,1,674,1
4688375,1,674,7
4688376,1,675,2
4688377,1,675,1
4688378,1,675,15
4688379,1,675,14
4688380,1,675,8
4688381,1,673,13
4688382,1,674,11
4688383,1,674,10
4688384,1,675,13
4688385,1,40,16
4688386,1,675,12
4688387,1,675,11
4688388,1,5,21
4688389,1,5,22
4688390,1,5,7
4688391,1,5,2
4688392,1,5,4
4688393,1,5,10
4688394,1,5,9
4688395,1,5,3
4688396,1,5,12
4688397,1,5,15
4688398,1,5,5
4688399,1,5,20
4688400,1,5,13
4688401,1,18,12
4688402,1,5,6
4688403,1,56,3
4688404,1,15,12
4688405,1,55,13
4688406,1,17,9
4688407,1,43,1
4688408,1,21,10
4688409,1,56,1
4688410,1,355,1
4688411,1,18,10
4688412,1,56,2
4688413,1,214,16
4688414,1,43,2
4688415,1,17,1
4688416,1,18,1
4688417,1,21,1
4688418,1,57,11
4688419,1,43,3
4688420,1,355,10
4688421,1,15,11
4688422,1,984,1
4688423,1,15,13
4688424,1,57,2
4688425,1,17,6
4688426,1,21,4
4688427,1,17,4
4688428,1,18,13
4688429,1,5,14
4688430,1,21,11
4688431,1,56,6
4688432,1,56,9
4688433,1,55,2
4688434,1,18,3
4688435,1,56,8
4688436,1,5,11
4688437,1,57,1
4688438,1,21,2
4688439,1,21,5
4688440,1,355,4
4688441,1,18,2
4688442,1,55,12
4688443,1,43,5
4688444,1,355,9
4688445,1,17,10
4688446,1,21,12
4688447,1,21,3
4688448,1,355,3
4688449,1,17,2
4688450,1,5,31
4688451,2,981,1
4688452,1,355,6
4688453,1,17,7
4688454,1,56,4
4688455,1,355,12
4688456,1,57,10
4688457,1,15,3
4688458,1,15,14
4688459,1,5,36
4688460,1,55,14
4688461,1,18,4
4688462,1,5,23
4688463,1,56,7
4688464,1,18,11
4688465,1,56,5
4688466,1,55,15
4688467,1,355,8
4688468,1,15,1
4688469,1,57,3
4688470,1,18,14
4688471,1,55,1
4688472,1,55,10
4688473,1,355,13
4688474,1,40,1
4688475,1,40,3
4688476,1,40,2
4688477,1,40,4
4688478,1,40,7
4688479,1,40,5
4688480,1,40,9
4688481,1,40,6
4688482,1,40,8
4688483,1,40,15
4688484,1,40,10
4688485,1,40,12
4688486,1,40,17
4688487,1,40,16
4688488,1,40,20
4688489,1,40,14
4688490,1,40,23
4688491,1,40,24
4688492,1,40,25
4688493,1,40,26
4688494,1,40,27
4688495,1,40,31
4688496,1,40,29
4688497,2,5,19
4688498,1,5,29
4688499,1,5,32
4688500,1,17,5
4688501,1,5,26
4688502,1,15,4
4688503,1,40,32
4688504,1,40,22
4688505,1,15,5
4688506,1,5,33
4688507,1,40,36
4688508,1,214,20
4688509,1,214,19
4688510,1,214,18
4688511,1,214,17
4688512,1,214,7
4688513,1,214,15
4688514,1,214,14
4688515,1,214,13
4688516,1,214,12
4688517,1,214,11
4688518,1,214,6
4688519,1,214,4
4688520,1,214,2
4688521,1,355,14
4688522,1,675,2
4688523,1,675,3
4688524,1,675,4
4688525,1,675,6
4688526,1,675,7
4688527,1,675,5
4688528,1,675,8
4688529,1,675,11
4688530,1,675,10
4688531,1,675,9
4688532,1,675,12
4688533,1,675,14
4688534,1,675,15
4688535,1,675,16
4688536,1,675,19
4688537,1,675,17
4688538,1,675,20
4688539,1,675,22
4688540,1,675,23
4688541,1,675,24
4688542,1,675,27
4688543,1,675,29
4688544,1,675,30
4688545,1,675,32
4688546,1,675,33
4688547,1,675,35
4688548,1,675,36
4688549,1,675,37
4688550,1,675,38
4688551,1,5,28
4688552,1,56,10
4688553,1,5,21
4688554,1,21,13
4688555,1,355,5
4688556,1,21,14
4688557,1,355,2
4688558,1,40,19
4688559,1,675,25
4688560,1,675,21
4688561,1,675,39
4688562,1,675,40
4688563,1,673,1
4688564,1,673,28
4688565,1,673,2
4688566,1,673,4
4688567,1,673,3
4688568,1,673,6
4688569,1,673,25
4688570,1,673,5
4688571,1,673,7
4688572,1,673,32
4688573,1,673,8
4688574,1,673,10
4688575,1,673,29
4688576,1,673,11
4688577,1,673,12
4688578,1,673,31
4688579,1,673,14
4688580,1,673,13
4688581,1,673,16
4688582,1,673,17
4688583,1,673,18
4688584,1,673,27
4688585,1,673,33
4688586,1,673,21
4688587,1,673,30
4688588,1,673,9
4688589,1,673,15
4688590,1,673,26
4688591,1,43,6
4688592,1,5,17
4688593,1,15,15
4688594,1,673,37
4688595,1,5,34
4688596,1,40,39
4688597,1,673,22
4688598,1,675,13
4688599,1,673,19
4688600,1,673,20
4688601,1,55,11
4688602,1,15,16
4688603,1,5,30
4688604,1,5,35
4688605,1,40,21
4688606,1,106,1
4688607,1,106,3
4688608,1,106,9
4688609,1,106,10
4688610,1,106,12
4688611,1,106,2
4688612,1,106,5
4688613,1,106,14
4688614,1,106,11
4688615,1,106,6
4688616,1,106,4
4688617,1,106,7
4688618,1,106,8
4688619,1,106,16
4688620,1,5,38
4688621,1,5,16
4688622,1,55,16
4688623,1,5,18
4688624,1,125,1
4688625,1,125,2
4688626,1,125,4
4688627,1,125,5
4688628,1,15,2
4688629,1,17,8
4688630,1,5,24
4688631,1,21,15
4688632,1,675,18
4688633,1,675,34
4688634,1,675,31
4688635,1,673,24
4688636,1,40,28
4688637,1,40,35
4688638,1,125,3
4688639,1,355,7
4688640,1,674,27
4688641,1,674,1
4688642,1,674,19
4688643,1,674,3
4688644,1,674,2
4688645,1,674,6
4688646,1,674,21
4688647,1,674,5
4688648,1,674,8
4688649,1,674,7
4688650,1,674,24
4688651,1,674,28
4688652,1,674,9
4688653,1,674,25
4688654,1,674,10
4688655,1,674,14
4688656,1,674,20
4688657,1,674,11
4688658,1,674,13
4688659,1,674,23
4688660,1,674,12
4688661,1,674,15
4688662,1,674,16
4688663,1,674,17
4688664,1,674,22
4688665,1,674,26
4688666,1,106,15
4688667,1,5,25
4688668,1,980,1
4688669,1,987,1
4688670,1,994,1
4688671,1,988,1
4688672,1,995,1
4688673,1,987,2
4688674,1,988,2
4688675,1,994,2
4688676,1,71,1
4688677,1,71,2
4688678,1,71,3
4688679,1,214,3
4688680,1,214,1
4688681,1,40,13
4688682,1,40,11
4688683,1,214,5
4688684,1,214,8
4688685,1,40,33
4688686,1,5,1
4688687,1,76,8
4688688,1,76,10
4688689,1,76,14
4688690,1,76,11
4688691,1,76,15
4688692,1,76,12
4688693,1,76,13
4688694,1,76,1
4688695,1,76,2
4688696,1,76,4
4688697,1,76,3
4688698,1,76,6
4688699,1,76,5
4688700,1,113,1
4688701,1,113,2
4688702,1,113,4
4688703,1,113,5
4688704,1,113,6
4688705,1,675,41
4688706,1,673,23
4688707,1,673,35
4688708,1,674,18
4688709,1,17,3
4688710,1,40,34
4688711,1,40,37
4688712,1,40,30
4688713,1,40,18
4688714,1,60,1
4688715,1,60,2
4688716,1,60,3
4688717,1,60,4
4688718,1,60,5
4688719,1,60,6
4688720,1,60,7
4688721,1,60,8
4688722,1,60,9
4688723,1,60,10
4688724,1,60,11
4688725,1,60,12
4688726,1,60,13
4688727,1,60,16
4688728,1,60,17
4688729,1,60,15
4688730,1,21,6
4688731,1,5,27
4688732,1,15,10
4688733,1,60,14
4688734,1,674,4
4688735,1,675,1
4688736,1,673,34
4688737,1,675,42
4688738,1,673,36
4688739,1,674,29
4688740,1,675,43
4688741,1,674,30
4688742,1,674,31
4688743,1,675,26
4688744,1,675,28
4688745,1,76,7
4688746,1,40,38
4688747,1,5,37
4688748,1,995,2
4688749,1,5,22
4688750,1,5,7
4688751,1,5,2
4688752,1,5,4
4688753,1,5,10
4688754,1,5,9
4688755,1,5,3
4688756,1,5,12
4688757,1,5,15
4688758,1,5,5
4688759,1,5,20
4688760,1,5,13
4688761,1,18,12
4688762,1,5,6
4688763,1,56,3
4688764,1,15,12
4688765,1,55,13
4688766,1,17,9
4688767,1,43,1
4688768,1,21,10
4688769,1,56,1
4688770,2,355,1
4688771,1,18,10
4688772,1,56,2
4688773,1,214,16
4688774,1,43,2
4688775,1,17,1
4688776,1,18,1
4688777,1,21,1
4688778,1,57,11
4688779,1,43,3
4688781,1,15,11
4688783,1,15,13
4688784,1,57,2
4688785,1,17,6
4688786,1,21,4
4688787,1,17,4
4688788,1,18,13
4688789,1,5,14
4688790,1,21,11
4688791,1,56,6
4688792,1,56,9
4688793,1,55,2
4688794,1,18,3
4688795,1,56,8
4688796,1,5,11
4688797,1,57,1
4688798,1,21,2
4688799,1,21,5
4688801,1,18,2
4688802,1,55,12
4688803,2,43,5
4688804,2,355,9
4688805,1,17,10
4688806,1,21,12
4688807,1,21,3
4688808,2,355,3
4688809,1,17,2
4688810,1,5,31
4688811,2,981,1
4688813,1,17,7
4688814,1,56,4
4688816,1,57,10
4688817,1,15,3
4688818,1,15,14
4688819,1,5,36
4688820,1,55,14
4688821,1,18,4
4688822,1,5,23
4688823,1,56,7
4688824,1,18,11
4688825,1,56,5
4688826,1,55,15
4688828,1,15,1
4688829,1,57,3
4688830,1,18,14
4688831,1,55,1
4688832,1,55,10
4688834,1,40,1
4688835,1,40,3
4688836,1,40,2
4688837,1,40,4
4688838,1,40,7
4688839,1,40,5
4688840,1,40,9
4688841,1,40,6
4688842,1,40,8
4688843,1,40,15
4688844,1,40,10
4688845,1,40,12
4688846,1,40,17
4688847,1,40,16
4688848,1,40,20
4688849,1,40,14
4688850,1,40,23
4688851,1,40,24
4688852,1,40,25
4688853,1,40,26
4688854,1,40,27
4688855,1,40,31
4688856,1,40,29
4688857,2,5,19
4688858,1,5,29
4688859,1,5,32
4688860,1,17,5
4688861,1,5,26
4688862,1,15,4
4688863,1,40,32
4688864,1,40,22
4688865,1,15,5
4688866,1,5,33
4688867,1,40,36
4688868,1,214,20
4688869,1,214,19
4688870,1,214,18
4688872,1,214,7
4688873,1,214,15
4688874,1,214,14
4688876,1,214,12
4688877,1,214,11
4688878,1,214,6
4688879,1,214,4
4688880,1,214,2
4688882,1,675,2
4688883,1,675,3
4688884,1,675,4
4688885,1,675,6
4688886,1,675,7
4688887,1,675,5
4688888,1,675,8
4688889,1,675,11
4688890,1,675,10
4688891,1,675,9
4688892,1,675,12
4688893,1,675,14
4688894,1,675,15
4688895,1,675,16
4688896,1,675,19
4688897,1,675,17
4688898,1,675,20
4688899,1,675,22
4688900,1,675,23
4688901,1,675,24
4688902,1,675,27
4688903,1,675,29
4688904,1,675,30
4688905,1,675,32
4688906,1,675,33
4688907,1,675,35
4688908,1,675,36
4688909,1,675,37
4688910,1,675,38
4688911,1,5,28
4688912,1,56,10
4688913,1,5,21
4688914,1,21,13
4688916,1,21,14
4688918,1,40,19
4688919,1,675,25
4688920,1,675,21
4688921,1,675,39
4688922,1,675,40
4688923,1,673,1
4688924,1,673,28
4688925,1,673,2
4688926,1,673,4
4688927,1,673,3
4688928,1,673,6
4688929,1,673,25
4688930,1,673,5
4688931,1,673,7
4688932,1,673,32
4688933,1,673,8
4688934,1,673,10
4688935,1,673,29
4688936,1,673,11
4688937,1,673,12
4688938,1,673,31
4688939,1,673,14
4688940,1,673,13
4688941,1,673,16
4688942,1,673,17
4688943,1,673,18
4688944,1,673,27
4688945,1,673,33
4688946,1,673,21
4688947,1,673,30
4688948,1,673,9
4688949,1,673,15
4688950,1,673,26
4688951,2,43,6
4688952,1,5,17
4688953,1,15,15
4688954,1,673,37
4688955,1,5,34
4688956,1,40,39
4688957,1,673,22
4688958,1,675,13
4688959,1,673,19
4688960,1,673,20
4688961,2,55,11
4688962,1,15,16
4688963,1,5,30
4688964,1,5,35
4688965,1,40,21
4688966,1,106,1
4688967,1,106,3
4688968,1,106,9
4688969,1,106,10
4688970,1,106,12
4688971,1,106,2
4688972,1,106,5
4688973,1,106,14
4688974,1,106,11
4688975,1,106,6
4688976,1,106,4
4688977,1,106,7
4688978,1,106,8
4688979,1,106,16
4688980,1,5,38
4688981,1,5,16
4688982,1,55,16
4688983,1,5,18
4688984,1,125,1
4688985,1,125,2
4688988,1,15,2
4688989,1,17,8
4688990,1,5,24
4688991,1,21,15
4688992,1,675,18
4688993,1,675,34
4688994,1,675,31
4688995,1,673,24
4688996,1,40,28
4688997,1,40,35
4688998,1,125,3
4689000,1,674,27
4689001,1,674,1
4689002,1,674,19
4689003,1,674,3
4689004,1,674,2
4689005,1,674,6
4689006,1,674,21
4689007,1,674,5
4689008,1,674,8
4689009,1,674,7
4689010,1,674,24
4689011,1,674,28
4689012,1,674,9
4689013,1,674,25
4689014,1,674,10
4689015,1,674,14
4689016,1,674,20
4689017,1,674,11
4689018,1,674,13
4689019,1,674,23
4689020,1,674,12
4689021,1,674,15
4689022,1,674,16
4689023,1,674,17
4689024,1,674,22
4689025,1,674,26
4689026,1,106,15
4689027,1,5,25
4689030,2,994,1
4689033,2,987,2
4689034,2,988,2
4689035,2,994,2
4689036,1,71,1
4689037,1,71,2
4689038,1,71,3
4689040,1,214,1
4689041,1,40,13
4689042,2,40,11
4689043,1,214,5
4689044,1,214,8
4689045,1,40,33
4689046,1,5,1
4689047,1,76,8
4689048,1,76,10
4689049,1,76,14
4689050,1,76,11
4689051,1,76,15
4689052,1,76,12
4689053,1,76,13
4689054,1,76,1
4689055,1,76,2
4689056,1,76,4
4689057,1,76,3
4689058,1,76,6
4689059,1,76,5
4689060,1,113,1
4689061,1,113,2
4689062,1,113,4
4689063,1,113,5
4689064,1,113,6
4689065,1,675,41
4689066,1,673,23
4689067,1,673,35
4689068,1,674,18
4689069,1,17,3
4689070,1,40,34
4689071,1,40,37
4689072,1,40,30
4689073,1,40,18
4689074,1,60,1
4689075,1,60,2
4689076,1,60,3
4689077,1,60,4
4689078,1,60,5
4689079,1,60,6
4689080,1,60,7
4689081,1,60,8
4689082,1,60,9
4689083,1,60,10
4689084,1,60,11
4689085,1,60,12
4689086,2,60,13
4689087,1,60,16
4689088,1,60,17
4689089,1,60,15
4689090,1,21,6
4689091,1,5,27
4689092,1,15,10
4689093,1,60,14
4689094,1,674,4
4689095,1,675,1
4689096,1,673,34
4689097,1,675,42
4689098,1,673,36
4689099,1,674,29
4689100,1,675,43
4689101,1,674,30
4689102,1,674,31
4689103,1,675,26
4689104,1,675,28
4689105,1,76,7
4689106,1,40,38
4689107,1,5,37
4689108,2,995,2
4689110,1,96,1
4689111,1,96,2
4689112,1,96,4
4689113,1,96,3
4689114,1,96,1
4689115,1,96,2
4689116,1,96,3
4689117,1,96,2
4689118,1,96,6
4689119,1,96,3
4689120,1,96,4
4689121,1,96,5
4689122,1,96,1
4689123,1,599,7
4689124,1,599,8
4689125,1,599,2
4689126,1,599,4
4689127,1,599,10
4689128,1,599,5
4689129,1,599,6
4689130,1,599,3
4689131,1,599,11
4689132,1,599,12
4689133,1,599,1
4689134,1,599,9
4689135,1,599,1
4689136,1,599,6
4689137,1,599,7
4689138,1,599,42
4689139,1,599,9
4689140,1,599,4
4689141,1,599,10
4689142,1,599,44
4689143,1,599,45
4689144,1,599,8
4689145,1,599,46
4689146,1,599,3
4689147,1,599,11
4689148,1,599,12
4689149,1,599,47
4689150,1,599,51
4689151,1,599,54
4689152,1,599,52
4689153,1,599,55
4689154,1,599,56
4689155,1,599,53
4689156,1,599,57
4689157,1,599,43
4689158,1,599,5
4689159,1,599,2
4689160,1,599,41
4689161,1,599,1
4689162,1,599,2
4689163,1,599,8
4689164,1,599,4
4689165,1,599,9
4689166,1,599,5
4689167,1,599,10
4689168,1,599,12
4689169,1,599,3
4689170,1,599,11
4689171,1,599,6
4689172,1,599,7
4689173,1,98,1
4689174,1,98,2
4689175,1,98,1
4689176,1,98,2
4689177,1,98,1
4689178,1,98,2
4689179,1,98,3
4689180,1,98,1
4689181,1,98,2
4689182,1,98,3
4689184,1,248,2
4689185,1,248,3
4689186,1,248,4
4689187,1,248,5
4689188,1,248,6
4689189,1,248,7
4689190,1,248,1
4689191,1,271,5
4689192,1,271,6
4689193,1,271,4
4689194,1,271,2
4689195,1,271,1
4689196,1,271,7
4689197,1,271,3
4689198,1,235,1
4689199,1,235,2
4689200,1,234,1
4689201,1,234,2
4689202,1,221,1
4689203,1,221,2
4689204,1,221,3
4689205,1,221,4
4689206,1,208,1
4689207,1,249,2
4689208,1,249,3
4689209,1,249,1
4689210,1,240,4
4689211,1,240,3
4689212,1,240,2
4689213,1,240,1
4689214,1,240,6
4689215,1,245,2
4689216,1,245,3
4689217,1,245,4
4689218,1,245,1
4689219,1,245,5
4689220,1,240,5
4689221,1,226,1
4689222,1,226,2
4689223,1,226,3
4689224,1,226,4
4689225,1,226,5
4689226,1,226,6
4689227,1,248,7
4689228,1,248,5
4689229,1,248,6
4689230,1,248,2
4689231,1,248,1
4689232,1,248,3
4689233,1,248,4
4689234,1,234,2
4689235,1,235,1
4689236,1,234,1
4689237,1,235,2
4689238,1,271,2
4689239,1,271,3
4689240,1,271,4
4689241,1,271,5
4689242,1,271,6
4689243,1,271,7
4689244,1,271,1
4689245,1,221,1
4689246,1,249,2
4689247,1,249,3
4689248,1,249,1
4689249,1,240,2
4689250,1,240,3
4689251,1,240,1
4689252,1,245,5
4689253,1,245,4
4689254,1,245,3
4689255,1,245,2
4689256,1,221,2
4689257,1,245,1
4689258,1,221,3
4689259,1,226,1
4689260,1,226,2
4689261,1,226,3
4689262,1,271,1
4689263,1,271,14
4689264,1,235,1
4689265,1,234,5
4689266,1,235,5
4689267,1,234,3
4689268,1,234,4
4689269,1,235,2
4689270,1,235,3
4689271,1,234,1
4689272,1,269,2
4689273,2,232,2
4689274,1,271,11
4689275,1,232,3
4689276,2,269,4
4689277,1,234,2
4689278,1,271,28
4689279,1,271,25
4689280,2,232,6
4689281,1,232,7
4689282,1,232,8
4689283,1,236,11
4689284,1,237,2
4689285,2,232,1
4689286,1,269,1
4689287,1,271,3
4689288,1,271,4
4689289,1,271,5
4689290,1,271,6
4689291,1,271,10
4689292,1,269,6
4689293,1,244,1
4689294,1,237,1
4689295,1,277,1
4689296,1,269,7
4689297,1,221,2
4689298,1,221,3
4689299,1,271,15
4689300,1,243,6
4689301,1,243,7
4689302,1,232,4
4689303,1,248,2
4689304,1,248,3
4689305,1,248,1
4689306,1,271,9
4689307,1,271,13
4689308,1,271,18
4689309,1,269,3
4689310,1,271,19
4689311,2,204,1
4689312,1,204,2
4689313,1,201,1
4689314,1,271,8
4689315,1,271,2
4689316,1,208,1
4689317,1,224,1
4689318,1,249,2
4689319,1,249,3
4689320,1,249,4
4689321,1,249,6
4689322,1,249,1
4689323,1,895,1
4689324,1,894,1
4689325,1,891,1
4689326,1,889,1
4689327,1,246,2
4689328,1,246,1
4689329,1,342,1
4689330,1,244,2
4689331,1,243,8
4689332,1,245,1
4689333,1,245,2
4689334,1,245,5
4689335,1,245,4
4689336,1,245,6
4689337,1,245,7
4689338,1,245,8
4689339,1,245,9
4689340,1,245,10
4689341,1,245,11
4689342,1,893,1
4689343,1,235,4
4689344,1,245,3
4689345,1,221,1
4689346,1,245,12
4689347,1,271,23
4689348,1,200,1
4689349,1,240,1
4689350,1,240,2
4689351,1,240,3
4689352,1,240,4
4689353,1,240,5
4689354,1,240,7
4689355,1,240,8
4689356,1,240,9
4689357,1,240,10
4689358,1,226,7
4689359,1,238,1
4689360,1,236,5
4689361,1,236,4
4689362,1,236,10
4689363,1,236,7
4689364,1,236,6
4689365,1,236,3
4689366,1,236,2
4689367,1,236,1
4689368,1,236,8
4689369,1,887,1
4689370,1,886,1
4689371,1,271,12
4689372,1,232,5
4689373,1,271,22
4689374,1,243,5
4689375,1,243,1
4689376,1,243,2
4689377,1,243,3
4689378,1,243,4
4689379,1,249,7
4689380,1,249,5
4689381,1,271,7
4689382,1,271,20
4689383,1,114,11
4689384,1,114,9
4689385,1,114,8
4689386,1,114,6
4689387,1,114,4
4689388,1,269,5
4689389,1,114,1
4689390,1,114,3
4689391,1,114,5
4689392,1,114,7
4689393,1,114,10
4689394,1,114,2
4689395,1,221,5
4689396,1,271,17
4689397,1,221,6
4689398,1,271,24
4689399,1,271,27
4689400,1,200,2
4689401,1,271,16
4689402,1,221,4
4689403,1,226,8
4689404,1,236,9
4689405,1,271,30
4689406,1,240,11
4689407,1,271,26
4689408,1,237,3
4689409,1,269,9
4689410,1,271,21
4689411,1,269,8
4689412,1,271,29
4689413,1,277,2
4689414,1,240,6
4689415,1,226,1
4689416,1,226,2
4689417,1,226,3
4689418,1,226,4
4689419,1,226,5
4689420,1,226,6
4689422,1,271,1
4689423,1,271,14
4689424,1,235,1
4689425,1,234,5
4689426,1,235,5
4689427,1,234,3
4689428,1,234,4
4689429,1,235,2
4689430,1,235,3
4689431,1,234,1
4689432,1,269,2
4689433,1,232,2
4689434,1,271,11
4689435,1,232,3
4689436,1,269,4
4689437,1,234,2
4689439,1,271,25
4689440,1,232,6
4689441,1,232,7
4689442,1,232,8
4689443,2,236,11
4689444,2,237,2
4689445,1,232,1
4689446,1,269,1
4689447,1,271,3
4689448,1,271,4
4689449,1,271,5
4689450,1,271,6
4689451,1,271,10
4689452,2,269,6
4689453,1,244,1
4689454,2,237,1
4689455,1,277,1
4689457,1,221,2
4689458,1,221,3
4689461,1,243,7
4689462,1,232,4
4689463,1,248,2
4689464,1,248,3
4689465,1,248,1
4689466,2,271,9
4689467,1,271,13
4689468,1,271,18
4689469,1,269,3
4689471,1,204,1
4689472,1,204,2
4689474,2,271,8
4689475,1,271,2
4689476,1,208,1
4689477,1,224,1
4689479,1,249,3
4689480,1,249,4
4689487,1,246,2
4689488,1,246,1
4689490,1,244,2
4689492,1,245,1
4689493,1,245,2
4689494,1,245,5
4689495,1,245,4
4689496,1,245,6
4689497,1,245,7
4689498,1,245,8
4689499,1,245,9
4689500,1,245,10
4689501,1,245,11
4689503,1,235,4
4689504,1,245,3
4689505,1,221,1
4689506,1,245,12
4689507,1,271,23
4689508,1,200,1
4689509,1,240,1
4689510,1,240,2
4689511,1,240,3
4689512,1,240,4
4689513,1,240,5
4689514,1,240,7
4689515,1,240,8
4689516,1,240,9
4689517,1,240,10
4689518,1,226,7
4689519,1,238,1
4689520,1,236,5
4689521,1,236,4
4689522,1,236,10
4689523,1,236,7
4689524,1,236,6
4689525,1,236,3
4689526,1,236,2
4689527,1,236,1
4689528,1,236,8
4689531,1,271,12
4689532,2,232,5
4689533,1,271,22
4689534,2,243,5
4689535,1,243,1
4689537,1,243,3
4689540,1,249,5
4689541,1,271,7
4689542,1,271,20
4689543,1,114,11
4689544,1,114,9
4689545,1,114,8
4689546,1,114,6
4689547,1,114,4
4689548,1,269,5
4689549,1,114,1
4689550,1,114,3
4689554,2,114,2
4689555,1,221,5
4689556,1,271,17
4689557,1,221,6
4689560,1,200,2
4689561,1,271,16
4689562,1,221,4
4689563,1,226,8
4689564,1,236,9
4689565,1,271,30
4689566,1,240,11
4689567,1,271,26
4689569,1,269,9
4689570,1,271,21
4689572,1,271,29
4689574,1,240,6
4689575,1,226,1
4689576,1,226,2
4689577,1,226,3
4689578,1,226,4
4689579,1,226,5
4689580,1,226,6
4689597,1,545,26
4689598,1,540,4
4689599,1,545,34
4689600,1,554,13
4689601,1,550,22
4689602,1,522,21
4689603,1,556,4
4689606,2,888,1
4689608,2,887,2
4689609,1,219,6
4689611,2,824,2
4689612,2,989,2
4689613,1,212,21
4689614,1,257,4
4689615,1,268,3
4689617,2,823,2
4689618,1,252,5
4689619,1,212,14
4689620,2,246,10
4689621,1,255,11
4689622,2,255,9
4689623,1,252,3
4689624,1,257,3
4689625,2,212,28
4689627,1,545,31
4689628,1,522,17
4689629,1,522,12
4689630,1,268,1
4689631,1,212,34
4689632,1,252,2
4689633,1,212,2
4689634,1,212,4
4689635,1,212,24
4689636,1,212,30
4689637,1,212,10
4689638,1,216,2
4689639,1,216,3
4689640,1,216,5
4689641,1,216,6
4689642,1,216,7
4689643,1,212,20
4689644,1,212,22
4689648,1,216,1
4689649,1,219,2
4689650,1,219,3
4689651,1,219,4
4689652,1,216,8
4689653,1,219,7
4689655,1,218,3
4689657,2,892,1
4689658,2,823,1
4689659,2,252,1
4689660,1,255,1
4689661,1,255,2
4689662,1,255,3
4689663,1,255,4
4689664,1,219,1
4689666,1,255,6
4689667,1,255,8
4689668,1,255,10
4689669,1,255,15
4689670,1,255,16
4689671,1,255,18
4689672,1,212,19
4689674,1,255,21
4689675,1,255,22
4689676,2,255,23
4689678,2,212,8
4689679,1,218,2
4689680,1,212,1
4689681,2,212,3
4689682,1,212,7
4689683,1,311,1
4689684,1,311,2
4689686,1,255,24
4689688,1,311,8
4689689,1,311,4
4689690,2,255,13
4689691,2,888,2
4689692,1,268,2
4689693,1,522,1
4689694,1,522,2
4689695,1,545,4
4689696,1,545,5
4689697,1,522,4
4689698,1,522,6
4689699,1,545,16
4689700,1,522,7
4689701,1,522,10
4689702,1,522,11
4689703,1,545,23
4689704,1,522,13
4689705,1,522,16
4689706,1,541,1
4689707,1,541,2
4689708,1,541,3
4689709,1,541,4
4689710,1,541,5
4689711,1,541,8
4689712,1,550,4
4689713,1,542,1
4689714,1,542,2
4689715,1,542,3
4689716,1,542,5
4689717,1,542,6
4689718,1,542,8
4689719,1,542,10
4689720,1,542,11
4689721,1,542,12
4689722,1,542,13
4689723,1,542,14
4689724,1,542,15
4689725,1,545,1
4689726,1,545,2
4689727,1,545,3
4689728,1,545,6
4689729,1,522,3
4689730,1,545,7
4689731,1,545,8
4689732,1,545,9
4689733,1,545,11
4689734,1,545,12
4689735,1,545,13
4689736,1,554,8
4689737,1,545,15
4689738,1,545,18
4689739,1,545,19
4689740,1,545,21
4689741,1,545,25
4689742,1,545,32
4689743,1,545,38
4689744,1,550,1
4689745,1,550,2
4689746,1,550,3
4689747,1,550,5
4689748,1,550,7
4689749,1,550,8
4689750,1,550,23
4689751,1,550,31
4689752,1,550,33
4689753,1,554,1
4689754,1,554,2
4689755,1,556,1
4689756,1,554,3
4689757,1,554,4
4689758,1,556,2
4689759,1,554,5
4689760,1,556,3
4689761,1,554,7
4689762,1,556,10
4689763,1,554,12
4689764,1,554,6
4689765,1,522,9
4689766,1,554,14
4689767,1,554,15
4689768,1,554,16
4689769,1,556,8
4689770,1,556,9
4689771,1,556,12
4689772,1,556,13
4689773,1,550,32
4689774,1,212,32
4689775,1,212,29
4689777,2,886,2
4689778,1,545,14
4689779,1,545,22
4689780,1,541,6
4689781,1,212,26
4689782,1,212,27
4689783,1,216,4
4689784,1,257,1
4689785,1,252,4
4689786,1,218,10
4689787,1,212,5
4689788,1,212,9
4689789,1,212,12
4689791,1,212,17
4689793,1,218,1
4689794,2,218,6
4689795,1,218,8
4689797,1,212,6
4689798,1,218,5
4689799,1,255,7
4689801,2,891,2
4689802,2,892,2
4689803,2,894,2
4689804,2,893,2
4689805,2,895,2
4689806,2,982,2
4689807,2,986,2
4689808,1,540,8
4689809,1,540,1
4689810,1,540,2
4689811,1,540,3
4689812,1,540,5
4689813,1,540,6
4689814,1,540,7
4689815,1,550,10
4689816,1,550,11
4689817,1,550,12
4689818,1,550,14
4689819,1,550,16
4689820,1,550,9
4689821,1,550,13
4689822,1,550,15
4689823,1,550,18
4689824,1,550,19
4689825,1,545,20
4689826,1,550,17
4689827,1,522,8
4689828,1,522,14
4689829,1,522,18
4689830,1,522,20
4689831,1,545,24
4689832,1,545,33
4689833,1,545,36
4689834,1,545,37
4689835,1,545,35
4689836,1,522,23
4689837,1,545,30
4689838,1,545,27
4689839,1,550,29
4689840,1,556,11
4689843,1,672,1
4689844,1,672,2
4689845,1,672,3
4689846,1,672,4
4689847,1,672,6
4689848,1,672,7
4689849,1,672,9
4689850,1,672,11
4689851,1,672,12
4689852,1,672,14
4689853,1,672,15
4689854,1,672,13
4689855,1,672,16
4689856,1,672,17
4689857,1,672,18
4689858,1,556,5
4689859,1,554,9
4689860,1,216,9
4689861,2,212,31
4689862,1,255,19
4689863,1,541,10
4689864,1,542,9
4689865,1,541,7
4689866,1,542,7
4689867,1,542,4
4689868,1,545,17
4689869,1,545,28
4689870,1,545,29
4689871,1,522,5
4689872,1,522,24
4689873,1,522,19
4689874,1,522,22
4689875,1,545,10
4689876,1,550,6
4689877,1,550,26
4689878,1,550,28
4689879,1,541,9
4689880,1,541,11
4689881,1,550,20
4689882,1,550,24
4689883,1,550,36
4689884,1,550,34
4689885,1,550,27
4689886,1,554,10
4689887,1,522,15
4689888,1,550,30
4689889,1,550,35
4689890,1,550,21
4689891,1,550,25
4689892,1,556,7
4689893,1,255,26
4689894,1,255,29
4689896,1,219,9
4689897,1,212,11
4689899,1,255,17
4689901,1,212,13
4689902,1,311,6
4689903,2,218,7
4689904,1,212,15
4689905,1,311,9
4689908,1,672,10
4689909,1,672,5
4689910,1,672,8
4689911,1,212,35
4689912,1,554,11
4689913,1,556,6
4689914,2,255,12
4689915,2,889,2
4689939,1,522,1
4689940,1,522,2
4689941,1,522,3
4689942,1,522,4
4689943,1,522,5
4689944,1,522,6
4689945,1,545,1
4689946,1,545,2
4689947,1,545,3
4689948,1,545,4
4689949,1,545,5
4689950,1,545,6
4689951,1,554,1
4689952,1,554,2
4689953,1,554,3
4689954,1,554,4
4689955,1,554,5
4689956,1,554,6
4689957,1,554,7
4689958,1,672,1
4689959,1,672,2
4689960,1,672,3
4689961,1,672,4
4689962,1,672,5
4689963,1,672,6
4689964,1,672,8
4689965,1,522,7
4689966,1,672,7
4689967,1,255,1
4689968,1,255,2
4689969,1,255,3
4689970,1,255,4
4689971,1,255,5
4689972,1,255,6
4689973,1,255,7
4689974,1,255,8
4689975,1,550,1
4689976,1,550,2
4689977,1,550,3
4689978,1,550,4
4689979,1,550,5
4689980,1,550,6
4689981,1,550,7
4689982,1,545,7
4689983,1,522,1
4689984,1,522,2
4689985,1,522,3
4689986,1,522,4
4689987,1,522,5
4689988,1,522,6
4689989,1,522,7
4689990,1,545,1
4689991,1,545,2
4689992,1,545,3
4689993,1,545,4
4689994,1,545,5
4689995,1,545,6
4689996,1,554,1
4689997,1,554,2
4689998,1,554,3
4689999,1,554,4
4690000,1,554,5
4690001,1,554,6
4690002,1,554,7
4690003,1,672,1
4690004,1,672,2
4690005,1,672,3
4690006,1,672,4
4690007,1,672,5
4690008,1,672,6
4690009,1,672,7
4690010,1,255,1
4690011,1,255,2
4690012,1,255,3
4690013,1,255,4
4690014,1,255,5
4690015,1,255,6
4690016,1,550,1
4690017,1,550,2
4690018,1,550,3
4690019,1,550,4
4690020,1,550,5
4690021,1,550,6
4690022,1,550,7
4690024,1,190,9
4690025,1,111,2
4690026,1,183,2
4690027,1,182,2
4690028,1,111,6
4690029,1,143,9
4690030,1,179,6
4690031,1,143,4
4690032,1,179,4
4690033,1,179,5
4690034,1,159,2
4690035,1,183,1
4690036,1,186,4
4690037,1,111,5
4690038,1,111,14
4690039,1,192,1
4690040,1,143,3
4690041,1,159,4
4690042,1,111,11
4690043,1,159,5
4690044,1,111,13
4690045,1,182,1
4690046,1,183,6
4690047,1,179,2
4690048,1,177,2
4690049,1,111,10
4690050,1,952,8
4690051,1,186,2
4690052,1,952,6
4690053,1,183,3
4690054,1,183,7
4690055,1,179,1
4690056,1,143,7
4690057,1,158,3
4690058,1,159,1
4690059,1,190,10
4690060,1,177,1
4690061,1,159,3
4690062,1,177,7
4690063,1,158,4
4690064,1,952,3
4690065,1,952,7
4690066,1,158,5
4690067,1,190,2
4690068,1,111,1
4690069,1,186,1
4690070,1,183,4
4690071,1,182,4
4690072,1,192,8
4690073,1,111,3
4690074,1,143,11
4690075,1,192,5
4690076,1,190,3
4690077,1,143,1
4690078,1,952,2
4690079,1,143,5
4690080,1,190,6
4690081,1,158,1
4690082,1,190,7
4690083,1,952,1
4690084,1,111,7
4690085,1,111,8
4690086,1,952,4
4690087,1,952,5
4690088,1,177,3
4690089,1,192,2
4690090,1,192,3
4690091,1,182,5
4690092,1,182,3
4690093,1,671,17
4690094,1,671,16
4690095,1,671,15
4690096,1,671,14
4690097,1,671,13
4690098,1,671,11
4690099,1,671,7
4690100,1,671,6
4690101,1,671,5
4690102,1,671,4
4690103,1,671,3
4690104,1,671,2
4690105,1,671,1
4690106,1,671,18
4690107,1,193,10
4690108,1,193,9
4690109,1,193,8
4690110,1,193,7
4690111,1,193,5
4690112,1,193,4
4690113,1,193,3
4690114,1,193,2
4690115,1,193,1
4690116,1,180,11
4690117,1,180,10
4690118,1,180,9
4690119,1,180,8
4690120,1,180,7
4690121,1,180,6
4690122,1,180,4
4690123,1,180,3
4690124,1,180,1
4690125,1,180,2
4690126,1,178,2
4690127,1,178,4
4690128,1,178,3
4690129,1,178,1
4690130,1,178,8
4690131,1,178,7
4690132,1,178,6
4690133,1,192,7
4690134,1,192,6
4690135,1,186,5
4690136,1,128,1
4690137,1,128,2
4690138,1,128,3
4690139,1,128,5
4690140,1,128,6
4690141,1,128,4
4690142,1,128,11
4690143,1,111,12
4690144,1,128,7
4690145,1,159,6
4690146,1,111,9
4690147,1,179,7
4690148,1,158,6
4690149,1,179,8
4690150,1,179,10
4690151,1,179,11
4690152,1,186,3
4690153,1,182,6
4690154,1,181,1
4690155,1,181,3
4690156,1,181,2
4690157,1,181,4
4690158,1,181,5
4690159,1,183,5
4690160,1,183,8
4690161,1,676,15
4690162,1,676,14
4690163,1,676,12
4690164,1,676,10
4690165,1,676,8
4690166,1,676,7
4690167,1,676,6
4690168,1,676,5
4690169,1,676,4
4690170,1,676,2
4690171,1,676,3
4690172,1,676,1
4690173,1,143,10
4690174,1,118,5
4690175,1,116,7
4690176,1,116,6
4690177,1,116,5
4690178,1,197,10
4690179,1,197,9
4690180,1,197,8
4690181,1,197,7
4690182,1,197,5
4690183,1,197,2
4690184,1,197,1
4690185,1,197,3
4690186,1,143,2
4690187,1,143,8
4690188,1,179,3
4690189,1,179,9
4690190,1,179,12
4690191,1,190,5
4690192,1,190,1
4690193,1,190,8
4690194,1,190,11
4690195,1,180,5
4690196,1,128,9
4690197,1,128,8
4690198,1,177,8
4690199,1,178,9
4690200,1,177,10
4690201,1,177,6
4690202,1,197,31
4690203,1,197,6
4690204,1,197,4
4690205,1,197,21
4690206,1,190,4
4690207,1,143,6
4690208,1,158,2
4690209,1,159,7
4690210,1,111,4
4690211,1,111,15
4690212,1,159,8
4690213,1,128,12
4690214,1,192,4
4690215,1,178,5
4690216,1,177,9
4690217,1,177,4
4690218,1,116,8
4690219,1,193,6
4690220,1,676,11
4690221,1,676,9
4690222,1,671,10
4690223,1,671,9
4690224,1,671,8
4690225,1,671,12
4690226,1,177,5
4690227,1,22,1
4690228,1,22,2
4690229,1,50,1
4690230,1,50,2
4690231,1,50,3
4690232,1,50,4
4690233,1,50,5
4690234,1,50,6
4690235,1,50,7
4690236,1,50,8
4690237,1,50,9
4690238,1,50,10
4690239,1,105,1
4690240,1,105,2
4690241,1,107,1
4690242,1,107,2
4690243,1,107,3
4690244,1,107,4
4690245,1,107,5
4690246,1,107,6
4690247,1,107,7
4690248,1,107,8
4690249,1,107,9
4690250,1,107,10
4690251,1,107,11
4690252,1,107,12
4690253,1,107,13
4690254,1,107,14
4690255,1,107,15
4690256,1,107,16
4690257,1,107,17
4690258,1,107,18
4690259,1,118,2
4690260,1,118,3
4690261,1,118,6
4690262,1,119,21
4690263,1,119,22
4690264,1,119,31
4690265,1,119,32
4690266,1,118,4
4690267,1,154,4
4690268,1,154,3
4690269,1,154,1
4690270,1,154,2
4690271,1,156,1
4690272,1,156,2
4690273,1,156,3
4690274,1,156,4
4690275,1,157,1
4690276,1,157,2
4690277,1,157,3
4690278,1,157,4
4690279,1,157,5
4690280,1,157,6
4690281,1,157,7
4690282,1,164,1
4690283,1,164,2
4690284,1,164,3
4690285,1,168,1
4690286,1,168,2
4690287,1,168,3
4690288,1,168,4
4690289,1,166,1
4690290,1,166,2
4690291,1,166,3
4690292,1,166,4
4690293,1,166,5
4690294,1,166,6
4690295,1,166,7
4690296,1,166,8
4690297,1,166,13
4690298,1,166,15
4690299,1,180,12
4690300,1,158,10
4690301,1,158,8
4690302,1,158,9
4690303,1,158,7
4690304,1,158,11
4690305,1,166,9
4690306,1,166,12
4690307,1,166,11
4690308,1,166,10
4690309,1,166,14
4690310,1,102,3
4690311,1,150,14
4690312,1,101,7
4690313,1,150,20
4690314,1,101,8
4690315,1,150,13
4690316,1,150,1
4690317,1,101,4
4690318,1,150,3
4690319,1,101,14
4690320,1,150,10
4690321,1,102,10
4690322,1,150,11
4690323,1,150,6
4690324,1,101,16
4690325,1,150,4
4690326,1,101,13
4690327,1,102,2
4690328,1,102,7
4690329,1,102,9
4690330,1,150,16
4690331,1,102,6
4690332,1,150,17
4690333,1,150,5
4690334,1,101,6
4690335,1,101,2
4690336,1,150,15
4690337,1,101,10
4690338,1,102,1
4690339,1,101,3
4690340,1,102,4
4690341,1,102,5
4690342,1,101,5
4690343,1,150,9
4690344,1,101,1
4690345,1,150,12
4690346,1,102,8
4690347,1,101,11
4690348,1,150,19
4690349,1,101,12
4690350,1,150,8
4690351,1,150,2
4690352,1,676,16
4690353,1,676,18
4690354,1,676,13
4690355,1,101,9
4690356,1,150,18
4690357,1,101,15
4690358,1,150,7
4690359,1,118,1
4690360,1,676,17
4690361,1,128,10
4690362,1,116,1
4690363,1,116,2
4690364,1,116,3
4690365,1,116,4
4690367,1,671,1
4690368,1,671,2
4690369,1,671,3
4690370,1,671,4
4690371,1,671,5
4690372,1,671,6
4690373,1,671,7
4690374,1,671,9
4690375,1,671,8
4690376,1,671,10
4690377,1,671,11
4690378,1,22,1
4690379,1,50,1
4690380,1,50,2
4690381,1,50,3
4690382,1,50,4
4690383,1,50,5
4690384,1,105,1
4690385,1,105,2
4690386,1,107,1
4690387,1,107,2
4690388,1,107,3
4690389,1,107,4
4690390,1,107,5
4690391,1,107,6
4690392,1,107,7
4690393,1,118,1
4690394,1,128,1
4690395,1,128,2
4690396,1,128,3
4690397,1,128,4
4690398,1,128,5
4690399,1,128,6
4690400,1,156,1
4690401,1,156,2
4690402,1,183,1
4690403,1,183,2
4690404,1,183,3
4690405,1,166,1
4690406,1,166,2
4690407,1,166,3
4690408,1,166,4
4690409,1,166,5
4690410,1,166,6
4690411,1,166,7
4690412,1,166,8
4690413,1,168,2
4690414,1,168,1
4690415,1,180,1
4690416,1,180,2
4690417,1,180,3
4690418,1,180,4
4690419,1,180,5
4690420,1,180,6
4690421,1,180,7
4690422,1,180,8
4690423,1,180,9
4690424,1,181,1
4690425,1,181,2
4690426,1,181,3
4690427,1,181,4
4690428,1,181,5
4690429,1,182,2
4690430,1,182,1
4690431,1,676,1
4690432,1,676,2
4690433,1,676,3
4690434,1,676,4
4690435,1,676,5
4690436,1,676,6
4690437,1,676,7
4690438,1,676,9
4690439,1,676,8
4690440,1,101,4
4690441,1,150,2
4690442,1,150,4
4690443,1,150,5
4690444,1,101,1
4690445,1,101,2
4690446,1,101,3
4690447,1,150,1
4690448,1,150,6
4690449,1,150,8
4690450,1,150,7
4690451,1,150,3
4690452,1,150,9
4690453,1,101,5
4690454,1,150,10
4690455,1,150,11
4690456,1,101,6
4690458,1,107,1
4690459,1,107,2
4690460,1,107,3
4690461,1,107,4
4690462,1,107,5
4690463,1,107,6
4690464,1,107,7
4690465,1,50,1
4690466,1,50,2
4690467,1,22,1
4690468,1,105,1
4690469,1,676,1
4690470,1,169,4
4690471,1,676,2
4690472,1,676,3
4690473,1,676,4
4690474,1,676,5
4690475,1,676,6
4690476,1,676,7
4690477,1,676,8
4690478,1,676,9
4690479,1,168,1
4690480,1,168,3
4690481,1,168,2
4690482,1,168,4
4690483,1,169,1
4690484,1,169,2
4690485,1,169,3
4690486,1,156,1
4690487,1,156,2
4690488,1,128,1
4690489,1,128,2
4690490,1,128,3
4690491,1,128,4
4690492,1,128,5
4690493,1,128,6
4690494,1,180,1
4690495,1,180,2
4690496,1,180,3
4690497,1,180,4
4690498,1,180,5
4690499,1,180,6
4690500,1,180,7
4690501,1,182,1
4690502,1,182,2
4690503,1,181,1
4690504,1,181,2
4690505,1,181,4
4690506,1,181,3
4690507,1,181,5
4690508,1,118,1
4690509,1,180,8
4690510,1,180,9
4690511,1,671,1
4690512,1,671,2
4690513,1,671,3
4690514,1,671,4
4690515,1,671,5
4690516,1,671,6
4690517,1,671,7
4690518,1,671,8
4690519,1,671,9
4690520,1,671,10
4690521,1,671,11
4690522,1,50,4
4690523,1,50,3
4690524,1,50,5
4690525,1,150,2
4690526,1,150,1
4690527,1,101,5
4690528,1,101,4
4690529,1,101,2
4690530,1,150,6
4690531,1,150,5
4690532,1,150,4
4690533,1,150,3
4690534,1,101,1
4690535,1,101,3
4690536,1,101,6
4690539,1,111,2
4690540,1,183,2
4690541,1,182,2
4690542,1,111,6
4690543,1,143,9
4690544,1,179,6
4690546,1,179,4
4690547,1,179,5
4690548,1,159,2
4690549,1,183,1
4690550,1,186,4
4690551,1,111,5
4690552,1,111,14
4690553,1,192,1
4690554,1,143,3
4690555,1,159,4
4690556,1,111,11
4690557,1,159,5
4690558,1,111,13
4690559,2,182,1
4690560,1,183,6
4690561,1,179,2
4690562,1,177,2
4690563,1,111,10
4690564,1,952,8
4690565,1,186,2
4690566,1,952,6
4690567,1,183,3
4690568,1,183,7
4690569,1,179,1
4690570,1,143,7
4690571,1,158,3
4690572,1,159,1
4690573,1,190,10
4690574,1,177,1
4690575,1,159,3
4690576,1,177,7
4690577,1,158,4
4690578,1,952,3
4690579,1,952,7
4690580,1,158,5
4690581,1,190,2
4690582,1,111,1
4690583,2,186,1
4690584,1,183,4
4690585,1,182,4
4690586,1,192,8
4690587,1,111,3
4690588,1,143,11
4690589,1,192,5
4690590,1,190,3
4690591,1,143,1
4690592,1,952,2
4690593,1,143,5
4690594,1,190,6
4690595,1,158,1
4690596,1,190,7
4690597,1,952,1
4690598,1,111,7
4690599,1,111,8
4690600,1,952,4
4690601,1,952,5
4690602,1,177,3
4690604,1,192,3
4690605,1,182,5
4690606,1,182,3
4690607,1,671,17
4690608,1,671,16
4690609,1,671,15
4690610,1,671,14
4690611,1,671,13
4690612,1,671,11
4690613,1,671,7
4690614,1,671,6
4690615,1,671,5
4690616,1,671,4
4690617,1,671,3
4690618,1,671,2
4690619,1,671,1
4690620,1,671,18
4690621,1,193,10
4690622,1,193,9
4690623,1,193,8
4690624,1,193,7
4690625,1,193,5
4690626,1,193,4
4690627,1,193,3
4690628,1,193,2
4690629,1,193,1
4690630,1,180,11
4690631,1,180,10
4690632,1,180,9
4690633,1,180,8
4690634,1,180,7
4690635,1,180,6
4690636,1,180,4
4690637,1,180,3
4690638,1,180,1
4690639,1,180,2
4690640,1,178,2
4690641,1,178,4
4690642,1,178,3
4690643,1,178,1
4690644,1,178,8
4690645,1,178,7
4690646,1,178,6
4690647,1,192,7
4690648,1,192,6
4690649,1,186,5
4690650,1,128,1
4690651,1,128,2
4690652,1,128,3
4690653,1,128,5
4690654,1,128,6
4690655,1,128,4
4690656,1,128,11
4690658,1,128,7
4690659,1,159,6
4690660,1,111,9
4690661,1,179,7
4690662,1,158,6
4690663,1,179,8
4690664,1,179,10
4690666,1,186,3
4690667,1,182,6
4690668,1,181,1
4690669,1,181,3
4690670,1,181,2
4690671,1,181,4
4690672,1,181,5
4690673,1,183,5
4690674,1,183,8
4690675,1,676,15
4690676,1,676,14
4690677,1,676,12
4690678,1,676,10
4690679,1,676,8
4690680,1,676,7
4690681,1,676,6
4690682,1,676,5
4690683,1,676,4
4690684,1,676,2
4690685,1,676,3
4690686,1,676,1
4690688,1,118,5
4690689,1,116,7
4690690,1,116,6
4690691,1,116,5
4690692,1,197,10
4690693,1,197,9
4690694,1,197,8
4690695,1,197,7
4690696,1,197,5
4690697,1,197,2
4690698,1,197,1
4690699,1,197,3
4690700,1,143,2
4690701,1,143,8
4690702,1,179,3
4690703,1,179,9
4690704,1,179,12
4690705,1,190,5
4690706,1,190,1
4690707,1,190,8
4690708,1,190,11
4690709,1,180,5
4690710,1,128,9
4690711,1,128,8
4690713,1,178,9
4690714,1,177,10
4690715,1,177,6
4690717,1,197,6
4690718,1,197,4
4690720,1,190,4
4690721,1,143,6
4690722,1,158,2
4690723,1,159,7
4690725,1,111,15
4690726,1,159,8
4690727,1,128,12
4690728,1,192,4
4690729,1,178,5
4690730,1,177,9
4690731,1,177,4
4690732,1,116,8
4690733,1,193,6
4690734,1,676,11
4690735,1,676,9
4690736,1,671,10
4690737,1,671,9
4690738,1,671,8
4690739,1,671,12
4690740,1,177,5
4690741,1,22,1
4690742,1,22,2
4690743,1,50,1
4690744,1,50,2
4690745,1,50,3
4690746,1,50,4
4690747,1,50,5
4690748,1,50,6
4690749,1,50,7
4690750,1,50,8
4690751,1,50,9
4690752,1,50,10
4690753,1,105,1
4690754,1,105,2
4690755,1,107,1
4690756,1,107,2
4690757,1,107,3
4690758,1,107,4
4690759,1,107,5
4690760,1,107,6
4690761,1,107,7
4690762,1,107,8
4690763,1,107,9
4690764,1,107,10
4690765,1,107,11
4690766,1,107,12
4690767,1,107,13
4690768,1,107,14
4690769,1,107,15
4690770,1,107,16
4690771,1,107,17
4690772,1,107,18
4690773,1,118,2
4690774,1,118,3
4690775,1,118,6
4690776,1,119,21
4690777,1,119,22
4690778,1,119,31
4690779,1,119,32
4690780,1,118,4
4690781,1,154,4
4690782,1,154,3
4690783,1,154,1
4690784,1,154,2
4690785,1,156,1
4690786,1,156,2
4690787,1,156,3
4690788,1,156,4
4690789,1,157,1
4690790,1,157,2
4690792,1,157,4
4690793,1,157,5
4690794,1,157,6
4690795,1,157,7
4690796,1,164,1
4690797,1,164,2
4690798,1,164,3
4690799,2,168,1
4690800,1,168,2
4690801,1,168,3
4690802,1,168,4
4690803,2,166,1
4690804,1,166,2
4690805,1,166,3
4690806,1,166,4
4690807,1,166,5
4690808,1,166,6
4690809,1,166,7
4690810,1,166,8
4690811,1,166,13
4690812,1,166,15
4690814,1,158,10
4690815,1,158,8
4690816,1,158,9
4690817,1,158,7
4690818,1,158,11
4690819,1,166,9
4690820,1,166,12
4690821,1,166,11
4690822,1,166,10
4690823,1,166,14
4690824,1,102,3
4690825,1,150,14
4690826,1,101,7
4690827,1,150,20
4690829,1,150,13
4690830,1,150,1
4690831,1,101,4
4690832,1,150,3
4690833,1,101,14
4690834,1,150,10
4690835,1,102,10
4690836,1,150,11
4690837,1,150,6
4690839,1,150,4
4690840,1,101,13
4690841,1,102,2
4690842,1,102,7
4690843,1,102,9
4690844,1,150,16
4690845,1,102,6
4690846,1,150,17
4690847,1,150,5
4690848,1,101,6
4690849,1,101,2
4690850,1,150,15
4690851,1,101,10
4690852,1,102,1
4690853,1,101,3
4690854,1,102,4
4690855,1,102,5
4690856,1,101,5
4690857,1,150,9
4690858,1,101,1
4690859,1,150,12
4690861,1,101,11
4690862,1,150,19
4690863,1,101,12
4690864,1,150,8
4690865,1,150,2
4690866,1,676,16
4690867,1,676,18
4690868,1,676,13
4690869,1,101,9
4690870,1,150,18
4690871,1,101,15
4690872,1,150,7
4690873,1,118,1
4690874,1,676,17
4690875,1,128,10
4690876,1,116,1
4690877,1,116,2
4690878,1,116,3
4690879,1,116,4
4690881,1,75,1
4690882,2,301,9
4690883,1,65,1
4690884,1,65,15
4690885,1,65,17
4690886,1,65,2
4690887,1,65,3
4690888,1,65,4
4690889,1,65,5
4690890,1,65,6
4690891,1,65,7
4690892,1,65,8
4690893,1,65,22
4690894,1,65,23
4690895,1,65,9
4690896,1,65,10
4690897,1,65,11
4690898,1,65,12
4690899,1,77,3
4690900,1,65,13
4690901,1,65,20
4690902,1,65,14
4690903,1,65,16
4690904,2,41,17
4690905,1,77,5
4690906,1,312,13
4690907,1,73,11
4690909,1,65,18
4690910,1,41,46
4690911,1,41,1
4690912,1,41,2
4690913,1,41,3
4690914,1,41,5
4690916,2,41,16
4690917,1,41,6
4690918,1,73,1
4690919,1,41,19
4690920,2,41,7
4690921,2,41,8
4690922,1,41,9
4690923,2,41,10
4690924,2,41,11
4690925,1,41,12
4690926,1,41,13
4690927,2,41,14
4690928,2,41,15
4690929,1,41,20
4690930,1,41,21
4690931,1,41,22
4690932,1,41,23
4690933,1,41,24
4690934,1,41,25
4690935,1,41,26
4690936,1,41,27
4690937,1,41,28
4690938,1,41,29
4690939,1,41,30
4690940,1,77,8
4690941,1,41,31
4690942,1,41,32
4690943,1,41,34
4690944,1,41,33
4690945,1,41,35
4690946,1,41,36
4690947,1,41,37
4690948,1,41,38
4690949,1,41,39
4690950,1,41,41
4690951,1,41,42
4690952,1,41,43
4690953,1,41,44
4690954,1,41,45
4690955,1,41,47
4690956,1,41,48
4690957,1,41,49
4690958,1,41,50
4690959,1,301,1
4690960,2,301,2
4690961,1,301,3
4690962,2,301,4
4690963,1,301,5
4690964,1,301,6
4690965,1,301,7
4690966,1,301,8
4690967,1,301,10
4690968,1,301,11
4690969,1,301,12
4690970,1,301,13
4690971,1,301,14
4690972,1,301,15
4690973,1,301,18
4690974,1,301,16
4690975,1,301,17
4690976,2,304,1
4690977,2,304,2
4690985,2,309,1
4690986,1,309,2
4690987,1,309,3
4690988,1,309,4
4690989,2,312,1
4690990,1,312,2
4690992,2,312,4
4690993,2,312,5
4690995,2,661,1
4690996,1,312,7
4690998,2,312,9
4691000,1,312,10
4691001,1,312,11
4691002,2,312,12
4691003,2,312,14
4691004,1,312,15
4691007,1,312,17
4691008,1,312,19
4691010,1,312,21
4691011,1,312,25
4691013,1,312,24
4691014,2,316,1
4691015,2,316,2
4691021,2,316,7
4691028,1,331,1
4691029,1,331,2
4691030,1,331,3
4691031,1,331,4
4691032,1,331,5
4691033,1,331,6
4691034,1,331,7
4691035,1,331,8
4691036,1,331,9
4691038,1,331,11
4691039,1,342,11
4691040,2,342,12
4691041,2,342,13
4691042,2,342,14
4691043,1,342,15
4691044,1,346,1
4691045,1,346,2
4691046,1,346,3
4691047,1,346,4
4691048,1,346,5
4691049,1,346,6
4691050,1,372,1
4691051,2,372,2
4691052,1,372,3
4691053,1,372,4
4691054,1,372,5
4691055,1,372,6
4691056,1,372,7
4691057,1,372,8
4691058,2,372,9
4691059,2,372,10
4691060,2,372,11
4691061,1,372,12
4691062,1,372,13
4691063,1,372,14
4691064,1,372,16
4691065,1,372,17
4691066,1,372,18
4691067,1,372,19
4691068,1,372,20
4691069,1,372,21
4691070,1,372,22
4691071,1,372,23
4691072,2,661,10
4691074,2,661,12
4691075,2,661,13
4691076,1,73,2
4691077,1,73,3
4691078,1,73,4
4691079,1,73,5
4691082,2,73,7
4691083,1,73,9
4691084,2,74,3
4691085,1,74,1
4691086,2,74,2
4691087,2,74,9
4691088,2,74,5
4691089,2,74,4
4691090,1,74,6
4691091,1,74,8
4691092,2,74,7
4691093,1,74,11
4691094,1,74,18
4691095,1,74,13
4691096,1,74,14
4691097,1,74,15
4691098,1,74,16
4691099,1,74,17
4691101,2,41,4
4691102,2,77,1
4691103,1,77,2
4691104,1,77,4
4691105,2,77,6
4691106,1,74,10
4691107,1,77,7
4691108,1,77,9
4691109,1,77,10
4691110,1,75,2
4691111,1,75,3
4691112,1,75,5
4691113,1,75,14
4691114,1,75,4
4691115,1,75,6
4691116,1,75,7
4691117,1,75,8
4691118,1,75,9
4691119,1,75,10
4691121,1,75,12
4691122,1,75,13
4691123,1,75,15
4691124,1,75,16
4691125,1,75,17
4691126,2,75,19
4691127,1,75,20
4691128,1,75,21
4691129,2,75,23
4691130,1,78,1
4691131,1,75,22
4691132,1,65,21
4691133,1,73,8
4691134,1,41,40
4691135,1,65,19
4691136,1,75,24
4691137,1,41,18
4691138,1,75,18
4691583,1,75,1
4691584,1,301,9
4691584,2,301,9
4691585,1,65,1
4691586,1,65,15
4691587,1,65,17
4691588,1,65,2
4691589,1,65,3
4691590,1,65,4
4691591,1,65,5
4691592,1,65,6
4691593,1,65,7
4691594,1,65,8
4691595,1,65,22
4691596,1,65,23
4691597,1,65,9
4691598,1,65,10
4691599,1,65,11
4691600,1,65,12
4691601,1,77,3
4691601,2,77,3
4691602,1,65,13
4691603,1,65,20
4691604,1,65,14
4691605,1,65,16
4691606,1,41,17
4691607,1,77,5
4691607,2,77,5
4691608,1,312,13
4691609,1,73,11
4691610,1,312,22
4691611,1,65,18
4691612,1,41,46
4691612,2,41,46
4691613,1,41,1
4691614,1,41,2
4691614,2,41,2
4691615,1,41,3
4691615,2,41,3
4691616,1,41,5
4691617,1,372,15
4691618,1,41,16
4691618,2,41,16
4691619,1,41,6
4691620,1,73,1
4691621,1,41,19
4691622,1,41,7
4691622,2,41,7
4691623,1,41,8
4691623,2,41,8
4691624,1,41,9
4691625,1,41,10
4691625,2,41,10
4691626,1,41,11
4691626,2,41,11
4691627,1,41,12
4691627,2,41,12
4691628,1,41,13
4691629,1,41,14
4691630,1,41,15
4691630,2,41,15
4691631,1,41,20
4691632,1,41,21
4691633,1,41,22
4691634,1,41,23
4691635,1,41,24
4691636,1,41,25
4691637,1,41,26
4691638,1,41,27
4691639,1,41,28
4691640,1,41,29
4691641,1,41,30
4691642,1,77,8
4691642,2,77,8
4691643,1,41,31
4691644,1,41,32
4691645,1,41,34
4691646,1,41,33
4691647,1,41,35
4691648,1,41,36
4691648,2,41,36
4691649,1,41,37
4691649,2,41,37
4691650,1,41,38
4691650,2,41,38
4691651,1,41,39
4691651,2,41,39
4691652,1,41,41
4691652,2,41,41
4691653,1,41,42
4691653,2,41,42
4691654,1,41,43
4691654,2,41,43
4691655,1,41,44
4691655,2,41,44
4691656,1,41,45
4691656,2,41,45
4691657,1,41,47
4691657,2,41,47
4691658,1,41,48
4691658,2,41,48
4691659,1,41,49
4691659,2,41,49
4691660,1,41,50
4691660,2,41,50
4691661,2,301,1
4691662,1,301,2
4691663,1,301,3
4691664,1,301,4
4691665,1,301,5
4691666,1,301,6
4691666,2,301,6
4691667,1,301,7
4691667,2,301,7
4691668,1,301,8
4691669,1,301,10
4691670,1,301,11
4691671,1,301,12
4691672,1,301,13
4691673,1,301,14
4691674,1,301,15
4691674,2,301,15
4691675,1,301,18
4691675,2,301,18
4691676,1,301,16
4691676,2,301,16
4691677,1,301,17
4691677,2,301,17
4691678,1,304,1
4691679,1,304,2
4691680,1,661,3
4691681,1,304,3
4691682,1,304,4
4691683,1,304,5
4691684,1,304,6
4691685,1,308,1
4691686,1,308,2
4691687,1,309,1
4691687,2,309,1
4691688,1,309,2
4691689,1,309,3
4691690,1,309,4
4691691,1,312,1
4691692,2,312,2
4691693,1,312,3
4691694,1,312,4
4691694,2,312,4
4691695,2,312,5
4691696,1,312,6
4691697,1,661,1
4691698,1,312,7
4691698,2,312,7
4691699,1,312,8
4691700,1,312,9
4691700,2,312,9
4691701,1,661,2
4691702,1,312,10
4691702,2,312,10
4691703,1,312,11
4691703,2,312,11
4691704,1,312,12
4691704,2,312,12
4691705,1,312,14
4691706,1,312,15
4691707,1,312,16
4691708,1,312,18
4691709,1,312,17
4691709,2,312,17
4691710,1,312,19
4691710,2,312,19
4691711,1,312,20
4691712,1,312,21
4691712,2,312,21
4691713,1,312,25
4691713,2,312,25
4691714,1,312,23
4691715,1,312,24
4691715,2,312,24
4691716,1,316,1
4691716,2,316,1
4691717,1,316,2
4691717,2,316,2
4691718,1,316,3
4691719,1,316,4
4691720,1,316,5
4691721,1,316,6
4691722,1,661,4
4691723,1,316,7
4691724,1,316,8
4691725,1,316,9
4691726,1,316,10
4691727,1,316,11
4691728,1,316,12
4691729,1,330,1
4691730,1,331,1
4691731,1,331,2
4691732,1,331,3
4691733,1,331,4
4691734,1,331,5
4691735,1,331,6
4691736,1,331,7
4691737,1,331,8
4691738,1,331,9
4691739,1,331,10
4691740,1,331,11
4691741,1,342,11
4691742,1,342,12
4691743,1,342,13
4691744,1,342,14
4691745,1,342,15
4691746,1,346,1
4691747,1,346,2
4691748,1,346,3
4691749,1,346,4
4691750,1,346,5
4691751,1,346,6
4691752,1,372,1
4691753,1,372,2
4691754,1,372,3
4691755,1,372,4
4691756,1,372,5
4691757,1,372,6
4691758,1,372,7
4691759,1,372,8
4691760,1,372,9
4691761,1,372,10
4691762,1,372,11
4691763,1,372,12
4691764,1,372,13
4691765,1,372,14
4691766,1,372,16
4691767,1,372,17
4691768,1,372,18
4691769,1,372,19
4691770,1,372,20
4691771,1,372,21
4691772,1,372,22
4691773,1,372,23
4691774,1,661,10
4691775,1,661,11
4691776,1,661,12
4691777,1,661,13
4691778,1,73,2
4691779,1,73,3
4691780,1,73,4
4691781,1,73,5
4691782,1,73,10
4691783,1,73,6
4691784,1,73,7
4691785,1,73,9
4691786,1,74,3
4691787,1,74,1
4691787,2,74,1
4691788,1,74,2
4691788,2,74,2
4691789,1,74,9
4691789,2,74,9
4691790,2,74,5
4691791,1,74,4
4691791,2,74,4
4691792,1,74,6
4691792,2,74,6
4691793,1,74,8
4691793,2,74,8
4691794,1,74,7
4691795,2,74,11
4691796,1,74,18
4691797,1,74,13
4691798,1,74,14
4691798,2,74,14
4691799,1,74,15
4691799,2,74,15
4691800,1,74,16
4691800,2,74,16
4691801,1,74,17
4691801,2,74,17
4691802,1,308,3
4691803,1,41,4
4691803,2,41,4
4691804,1,77,1
4691804,2,77,1
4691805,1,77,2
4691805,2,77,2
4691806,1,77,4
4691807,1,77,6
4691807,2,77,6
4691808,1,74,10
4691809,1,77,7
4691809,2,77,7
4691810,1,77,9
4691810,2,77,9
4691811,1,77,10
4691811,2,77,10
4691812,1,75,2
4691813,1,75,3
4691814,1,75,5
4691815,1,75,14
4691816,1,75,4
4691817,1,75,6
4691818,1,75,7
4691819,1,75,8
4691820,2,75,9
4691821,1,75,10
4691822,1,75,11
4691823,1,75,12
4691824,1,75,13
4691825,1,75,15
4691826,1,75,16
4691827,1,75,17
4691828,1,75,19
4691829,1,75,20
4691830,1,75,21
4691831,1,75,23
4691832,1,78,1
4691833,1,75,22
4691834,1,65,21
4691835,1,73,8
4691836,1,41,40
4691837,1,65,19
4691838,1,75,24
4691839,1,41,18
4691840,1,75,18
4691842,1,75,12
4691843,1,75,4
4691844,1,75,3
4691845,1,75,8
4691846,1,75,1
4691847,1,75,7
4691848,1,75,2
4691849,1,75,9
4691850,1,75,11
4691851,1,75,10
4691852,1,75,5
4691853,1,65,7
4691854,1,65,9
4691855,1,65,8
4691856,1,65,4
4691857,1,65,6
4691858,1,65,5
4691859,1,65,11
4691860,1,65,10
4691861,1,75,6
4691862,1,41,1
4691863,1,41,3
4691864,1,41,4
4691865,1,41,5
4691866,1,41,6
4691867,1,41,7
4691868,1,73,1
4691869,1,73,2
4691870,1,73,3
4691871,1,331,1
4691872,1,331,2
4691873,1,331,3
4691874,1,331,4
4691875,1,331,5
4691876,1,331,6
4691877,1,331,7
4691878,1,331,8
4691879,1,331,9
4691880,1,346,1
4691881,1,346,2
4691882,1,346,3
4691883,1,346,4
4691884,1,346,5
4691885,1,346,6
4691886,1,372,1
4691887,1,372,2
4691888,1,372,3
4691889,1,372,4
4691890,1,372,5
4691891,1,65,3
4691892,1,65,1
4691893,1,65,2
4691894,1,41,8
4691895,1,41,9
4691896,1,41,10
4691897,1,65,13
4691898,1,75,13
4691899,1,65,12
4691900,1,41,2
4691901,1,372,6
4691903,1,372,1
4691904,1,372,2
4691905,1,372,4
4691906,1,372,3
4691907,1,65,4
4691908,1,65,5
4691909,1,65,6
4691910,1,65,7
4691911,1,65,8
4691912,1,75,1
4691913,1,75,2
4691914,1,75,3
4691915,1,75,4
4691916,1,75,5
4691917,1,75,6
4691918,1,41,2
4691919,1,41,3
4691920,1,41,4
4691921,1,73,1
4691922,1,73,2
4691923,1,73,3
4691924,1,331,1
4691925,1,331,2
4691926,1,331,3
4691927,1,331,4
4691928,1,331,5
4691929,1,331,6
4691930,1,331,7
4691931,1,331,8
4691932,1,331,9
4691933,1,331,10
4691934,1,65,1
4691935,1,65,2
4691936,1,75,7
4691937,1,41,5
4691938,1,65,10
4691939,1,65,9
4691940,1,65,3
4691941,1,41,1
4691942,1,41,6
4691943,1,41,7
4691944,1,41,8
4691945,1,41,9
4691946,1,41,10
4691947,1,75,8
4692512,1,167,1
4692513,1,167,3
4692514,1,167,4
4692515,1,167,2
4692516,1,37,2
4692517,1,37,1
4692518,1,37,3
4692519,1,27,7
4692520,1,37,6
4692521,1,37,7
4692522,1,37,4
4692523,1,37,5
4692524,1,121,1
4692525,1,123,3
4692526,1,121,2
4692527,1,122,5
4692528,1,121,4
4692529,2,121,12
4692530,1,121,16
4692531,1,121,3
4692532,1,121,5
4692533,1,121,13
4692534,1,48,4
4692535,1,123,1
4692536,1,122,2
4692537,1,122,3
4692538,1,121,15
4692539,1,121,10
4692540,1,121,14
4692541,1,121,11
4692542,1,123,2
4692543,1,26,12
4692544,1,121,6
4692545,1,121,7
4692546,1,121,9
4692547,1,29,1
4692548,1,29,12
4692549,1,29,10
4692550,1,29,2
4692551,1,29,8
4692552,1,29,3
4692553,1,29,11
4692554,1,29,4
4692555,1,29,9
4692556,1,29,5
4692557,1,29,7
4692558,1,11,5
4692559,1,11,3
4692560,1,11,2
4692561,1,11,1
4692562,1,48,3
4692563,1,48,6
4692564,1,48,9
4692565,1,48,11
4692566,1,48,12
4692567,1,48,16
4692568,1,26,1
4692569,1,28,9
4692570,1,26,16
4692571,1,122,1
4692572,1,28,12
4692573,1,28,1
4692574,1,28,24
4692575,1,28,2
4692576,1,26,2
4692577,1,28,3
4692578,1,28,4
4692579,1,28,30
4692580,1,26,3
4692581,1,28,5
4692582,1,28,6
4692583,1,28,7
4692584,1,28,8
4692585,1,26,4
4692586,1,26,5
4692587,1,28,10
4692588,1,26,7
4692589,1,28,26
4692590,1,28,13
4692591,1,26,8
4692592,1,28,14
4692593,1,26,14
4692594,1,28,16
4692595,1,28,25
4692596,1,26,11
4692597,1,26,15
4692598,1,28,28
4692599,1,28,20
4692600,1,28,19
4692601,1,28,21
4692602,1,64,5
4692603,1,64,9
4692604,1,64,6
4692605,1,64,7
4692606,1,64,4
4692607,1,64,3
4692608,1,8,1
4692609,1,8,2
4692610,1,8,3
4692611,1,8,4
4692612,1,8,5
4692613,1,8,6
4692614,1,8,7
4692615,1,8,9
4692616,1,8,10
4692617,1,8,11
4692618,1,8,13
4692619,1,8,14
4692620,1,8,16
4692621,1,62,2
4692622,1,62,3
4692623,1,64,1
4692624,1,62,4
4692625,1,62,5
4692626,1,62,6
4692627,1,62,7
4692628,1,64,2
4692629,1,62,8
4692630,1,62,1
4692631,1,62,9
4692632,1,62,10
4692633,1,62,11
4692634,1,62,12
4692635,1,62,16
4692636,1,62,17
4692637,1,62,21
4692638,1,64,8
4692639,1,62,22
4692640,1,62,23
4692641,1,62,24
4692642,1,11,6
4692643,1,11,4
4692644,1,28,29
4692645,1,19,2
4692646,1,124,23
4692647,1,19,3
4692648,1,124,25
4692649,1,124,1
4692650,1,124,2
4692651,1,124,3
4692652,1,124,5
4692653,1,124,4
4692654,1,124,7
4692655,1,124,8
4692656,1,124,9
4692657,1,124,15
4692658,1,24,1
4692659,1,24,2
4692660,1,27,6
4692661,1,27,1
4692662,1,124,6
4692663,1,27,2
4692664,1,27,3
4692665,1,124,10
4692666,1,124,11
4692667,1,27,4
4692668,1,28,15
4692669,1,124,16
4692670,1,124,17
4692671,1,124,22
4692672,1,124,24
4692673,1,48,8
4692674,1,8,12
4692675,1,9,1
4692676,1,9,2
4692677,1,9,3
4692678,1,8,8
4692679,1,9,5
4692680,1,9,6
4692681,1,9,7
4692682,1,9,8
4692683,1,9,4
4692684,1,124,19
4692685,1,63,1
4692686,1,63,2
4692687,1,63,5
4692688,1,63,3
4692689,1,63,6
4692690,1,63,4
4692691,1,99,2
4692692,1,99,3
4692693,1,99,4
4692694,1,99,1
4692695,1,124,21
4692696,1,124,12
4692697,1,124,14
4692698,1,124,18
4692699,1,27,5
4692700,1,124,20
4692701,1,124,13
4692702,1,19,1
4692703,1,27,8
4692704,1,62,18
4692705,1,303,1
4692706,1,303,2
4692707,1,303,3
4692708,1,303,4
4692709,1,303,5
4692710,1,303,6
4692711,1,303,7
4692712,1,303,8
4692713,1,303,9
4692714,1,303,10
4692715,1,303,12
4692716,1,303,11
4692717,1,29,13
4692718,1,29,6
4692719,1,26,9
4692720,1,28,17
4692721,1,62,15
4692722,1,63,7
4692723,1,99,5
4692724,1,121,8
4692725,1,303,13
4692726,1,122,4
4692727,1,45,1
4692728,1,45,2
4692729,1,45,3
4692730,1,45,4
4692731,1,45,5
4692732,1,45,6
4692733,1,45,7
4692734,1,45,9
4692735,1,45,8
4692736,1,45,11
4692737,1,45,10
4692738,1,45,12
4692739,1,45,14
4692740,1,45,15
4692741,1,45,17
4692742,1,45,16
4692743,1,45,19
4692744,1,45,20
4692745,1,45,18
4692746,1,45,21
4692747,1,45,13
4692748,1,26,6
4692749,1,62,13
4692750,1,123,4
4692751,1,48,18
4692752,1,62,19
4692753,1,8,17
4692754,1,8,15
4692755,1,28,11
4692756,1,48,5
4692757,2,48,7
4692758,1,48,10
4692759,1,48,15
4692760,1,48,19
4692761,1,62,14
4692762,1,28,18
4692763,1,48,1
4692764,1,48,2
4692765,1,48,13
4692766,1,132,4
4692767,1,26,10
4692768,1,28,23
4692769,1,28,27
4692770,1,26,13
4692771,1,62,20
4692772,1,62,25
4692773,1,11,7
4692775,1,124,5
4692776,1,124,6
4692777,1,124,10
4692778,1,124,9
4692779,1,124,11
4692780,1,124,12
4692781,1,27,1
4692782,1,124,1
4692783,1,124,2
4692784,1,27,3
4692785,1,124,3
4692786,1,124,4
4692787,1,124,7
4692788,1,124,8
4692789,1,11,5
4692790,1,11,2
4692791,1,11,1
4692792,1,11,3
4692793,1,11,4
4692794,1,48,4
4692795,1,48,5
4692796,1,48,6
4692797,1,48,8
4692798,1,48,10
4692799,1,48,9
4692800,1,28,7
4692801,1,28,1
4692802,1,28,2
4692803,1,26,2
4692804,1,26,6
4692805,1,28,6
4692806,1,28,5
4692807,1,26,1
4692808,1,28,4
4692809,1,26,5
4692810,1,26,4
4692811,1,26,3
4692812,1,28,3
4692813,1,26,7
4692814,1,8,1
4692815,1,8,2
4692816,1,8,3
4692817,1,8,4
4692818,1,8,5
4692819,1,8,6
4692820,1,8,7
4692821,1,8,8
4692822,1,8,9
4692823,1,62,1
4692824,1,62,2
4692825,1,62,3
4692826,1,62,4
4692827,1,62,5
4692828,1,62,6
4692829,1,62,7
4692830,1,62,8
4692831,1,62,9
4692832,1,62,10
4692833,1,62,11
4692834,1,26,8
4692835,1,27,2
4692836,1,124,13
4692837,1,45,1
4692838,1,45,2
4692839,1,45,3
4692840,1,45,4
4692841,1,45,5
4692842,1,45,6
4692843,1,45,7
4692844,1,45,8
4692845,1,124,14
4692846,1,8,10
4692847,1,26,13
4692848,1,48,11
4692849,1,26,14
4692850,1,26,9
4692851,1,26,10
4692852,1,26,15
4692853,1,26,12
4692854,1,28,8
4692855,1,26,11
4692856,1,48,1
4692857,1,48,3
4692858,1,48,2
4692859,1,48,7
4692860,1,11,6
4692862,1,124,1
4692863,1,124,3
4692864,1,124,2
4692865,1,124,8
4692866,1,124,6
4692867,1,124,4
4692868,1,124,5
4692869,1,11,1
4692870,1,11,2
4692871,1,11,3
4692872,1,124,7
4692873,1,48,3
4692874,1,48,5
4692875,1,48,6
4692876,1,48,7
4692877,1,28,6
4692878,1,28,7
4692879,1,28,5
4692880,1,28,4
4692881,1,28,2
4692882,1,28,1
4692883,1,28,3
4692884,1,26,6
4692885,1,26,7
4692886,1,26,5
4692887,1,26,4
4692888,1,26,3
4692889,1,26,2
4692890,1,26,1
4692891,1,62,1
4692892,1,62,2
4692893,1,62,3
4692894,1,62,4
4692895,1,62,5
4692896,1,62,6
4692897,1,62,8
4692898,1,62,10
4692899,1,26,8
4692900,1,45,1
4692901,1,45,2
4692902,1,45,3
4692903,1,45,4
4692904,1,45,5
4692905,1,45,6
4692906,1,45,7
4692907,1,45,8
4692908,1,8,1
4692909,1,8,3
4692910,1,8,4
4692911,1,8,5
4692912,1,8,6
4692913,1,8,7
4692914,1,26,10
4692915,1,26,9
4692916,1,28,8
4692917,1,28,9
4692918,1,26,12
4692919,1,26,11
4692920,1,8,2
4692921,1,48,1
4692922,1,48,2
4692923,1,48,4
4692924,1,27,1
4692925,1,27,2
4692926,1,27,3
4692927,1,27,5
4692928,1,27,4
4692929,1,62,7
4692930,1,62,9
4692931,1,62,11
4692932,1,27,6
4692934,1,167,1
4692935,1,167,3
4692936,1,167,4
4692937,1,167,2
4692938,1,37,2
4692939,1,37,1
4692940,1,37,3
4692941,1,27,7
4692942,1,37,6
4692943,1,37,7
4692944,1,37,4
4692945,1,37,5
4692946,1,121,1
4692948,2,121,2
4692949,1,122,5
4692950,2,121,4
4692951,1,121,12
4692952,1,121,16
4692953,1,121,3
4692954,2,121,5
4692955,1,121,13
4692956,1,48,4
4692958,1,122,2
4692959,1,122,3
4692960,1,121,15
4692961,1,121,10
4692962,2,121,14
4692963,1,121,11
4692964,1,123,2
4692965,2,26,12
4692966,1,121,6
4692967,1,121,7
4692968,1,121,9
4692969,1,29,1
4692970,1,29,12
4692971,1,29,10
4692972,1,29,2
4692973,1,29,8
4692974,1,29,3
4692975,1,29,11
4692976,1,29,4
4692977,1,29,9
4692978,1,29,5
4692979,1,29,7
4692980,1,11,5
4692981,1,11,3
4692982,1,11,2
4692983,1,11,1
4692984,1,48,3
4692985,1,48,6
4692986,1,48,9
4692987,1,48,11
4692988,1,48,12
4692989,1,48,16
4692990,1,26,1
4692991,1,28,9
4692992,1,26,16
4692993,1,122,1
4692994,1,28,12
4692995,1,28,1
4692996,1,28,24
4692997,1,28,2
4692998,1,26,2
4692999,1,28,3
4693000,1,28,4
4693001,1,28,30
4693002,1,26,3
4693003,1,28,5
4693004,1,28,6
4693005,1,28,7
4693006,1,28,8
4693007,1,26,4
4693008,1,26,5
4693009,1,28,10
4693010,1,26,7
4693011,1,28,26
4693012,1,28,13
4693013,1,26,8
4693014,1,28,14
4693015,1,26,14
4693016,1,28,16
4693017,1,28,25
4693018,1,26,11
4693019,1,26,15
4693020,1,28,28
4693021,1,28,20
4693022,1,28,19
4693023,1,28,21
4693024,1,64,5
4693025,1,64,9
4693026,1,64,6
4693027,1,64,7
4693028,1,64,4
4693029,1,64,3
4693030,1,8,1
4693031,1,8,2
4693032,1,8,3
4693033,1,8,4
4693034,1,8,5
4693035,1,8,6
4693036,1,8,7
4693037,1,8,9
4693038,1,8,10
4693039,1,8,11
4693040,1,8,13
4693041,1,8,14
4693042,1,8,16
4693043,1,62,2
4693044,1,62,3
4693045,1,64,1
4693046,1,62,4
4693047,1,62,5
4693048,1,62,6
4693049,1,62,7
4693050,1,64,2
4693051,1,62,8
4693052,1,62,1
4693053,1,62,9
4693054,1,62,10
4693055,1,62,11
4693056,1,62,12
4693057,1,62,16
4693058,1,62,17
4693059,1,62,21
4693060,1,64,8
4693061,1,62,22
4693062,1,62,23
4693063,1,62,24
4693064,1,11,6
4693065,1,11,4
4693066,1,28,29
4693067,1,19,2
4693068,1,124,23
4693069,1,19,3
4693070,1,124,25
4693071,1,124,1
4693072,1,124,2
4693073,1,124,3
4693074,1,124,5
4693075,1,124,4
4693076,1,124,7
4693077,1,124,8
4693078,1,124,9
4693079,1,124,15
4693080,1,24,1
4693081,1,24,2
4693082,1,27,6
4693083,1,27,1
4693084,1,124,6
4693085,1,27,2
4693086,1,27,3
4693087,1,124,10
4693088,1,124,11
4693089,1,27,4
4693090,1,28,15
4693091,1,124,16
4693092,1,124,17
4693093,1,124,22
4693094,1,124,24
4693095,1,48,8
4693096,1,8,12
4693097,1,9,1
4693098,1,9,2
4693099,1,9,3
4693100,1,8,8
4693101,1,9,5
4693102,1,9,6
4693103,1,9,7
4693104,1,9,8
4693105,1,9,4
4693106,1,124,19
4693107,1,63,1
4693108,1,63,2
4693109,1,63,5
4693110,1,63,3
4693111,1,63,6
4693112,1,63,4
4693113,1,99,2
4693114,1,99,3
4693115,1,99,4
4693116,1,99,1
4693117,1,124,21
4693118,1,124,12
4693119,1,124,14
4693120,1,124,18
4693121,1,27,5
4693122,1,124,20
4693123,1,124,13
4693124,1,19,1
4693125,1,27,8
4693126,1,62,18
4693127,1,303,1
4693129,1,303,3
4693130,1,303,4
4693131,2,303,5
4693132,1,303,6
4693134,2,303,8
4693135,2,303,9
4693136,1,303,10
4693138,1,303,11
4693139,1,29,13
4693140,1,29,6
4693141,1,26,9
4693142,1,28,17
4693143,1,62,15
4693144,1,63,7
4693145,1,99,5
4693146,1,121,8
4693147,1,303,13
4693148,1,122,4
4693149,1,45,1
4693150,1,45,2
4693151,1,45,3
4693152,1,45,4
4693153,1,45,5
4693154,1,45,6
4693155,1,45,7
4693156,1,45,9
4693157,1,45,8
4693158,1,45,11
4693159,1,45,10
4693160,1,45,12
4693161,1,45,14
4693162,1,45,15
4693163,1,45,17
4693164,1,45,16
4693165,1,45,19
4693166,1,45,20
4693167,1,45,18
4693168,1,45,21
4693169,1,45,13
4693170,1,26,6
4693171,1,62,13
4693172,1,123,4
4693173,1,48,18
4693174,1,62,19
4693175,1,8,17
4693176,1,8,15
4693177,1,28,11
4693178,1,48,5
4693179,1,48,7
4693180,1,48,10
4693181,1,48,15
4693182,1,48,19
4693183,1,62,14
4693184,1,28,18
4693185,1,48,1
4693186,1,48,2
4693187,1,48,13
4693188,1,132,4
4693189,1,26,10
4693190,1,28,23
4693191,1,28,27
4693192,1,26,13
4693193,1,62,20
4693194,1,62,25
4693195,1,11,7
4693197,1,545,26
4693198,1,540,4
4693199,1,545,34
4693200,1,554,13
4693201,1,550,22
4693202,1,522,21
4693203,1,556,4
4693204,1,986,1
4693205,1,824,1
4693206,1,888,1
4693207,1,989,1
4693208,1,887,2
4693209,1,219,6
4693210,1,982,1
4693211,1,824,2
4693212,1,989,2
4693213,1,212,21
4693214,1,257,4
4693215,1,268,3
4693216,1,212,23
4693217,1,823,2
4693218,1,252,5
4693219,1,212,14
4693220,1,246,10
4693221,1,255,11
4693222,1,255,9
4693223,1,252,3
4693224,1,257,3
4693225,1,212,28
4693226,1,252,6
4693227,1,545,31
4693228,1,522,17
4693229,1,522,12
4693230,1,268,1
4693231,1,212,34
4693232,1,252,2
4693233,2,212,2
4693234,1,212,4
4693235,1,212,24
4693236,1,212,30
4693237,1,212,10
4693238,1,216,2
4693239,1,216,3
4693240,1,216,5
4693241,1,216,6
4693242,1,216,7
4693243,1,212,20
4693244,1,212,22
4693245,1,212,25
4693246,1,218,11
4693247,1,218,12
4693248,1,216,1
4693249,1,219,2
4693250,1,219,3
4693251,1,219,4
4693252,1,216,8
4693253,1,219,7
4693254,1,219,8
4693255,1,218,3
4693256,1,218,4
4693257,1,892,1
4693258,1,823,1
4693259,1,252,1
4693260,1,255,1
4693261,1,255,2
4693262,1,255,3
4693263,1,255,4
4693264,1,219,1
4693265,1,255,5
4693266,1,255,6
4693267,1,255,8
4693268,1,255,10
4693269,1,255,15
4693270,2,255,16
4693271,1,255,18
4693272,1,212,19
4693273,1,255,20
4693274,1,255,21
4693275,1,255,22
4693276,1,255,23
4693277,1,255,25
4693278,1,212,8
4693279,1,218,2
4693280,1,212,1
4693281,1,212,3
4693282,1,212,7
4693283,1,311,1
4693284,1,311,2
4693285,1,219,5
4693286,1,255,24
4693287,1,311,7
4693288,1,311,8
4693289,1,311,4
4693290,1,255,13
4693291,1,888,2
4693292,1,268,2
4693293,1,522,1
4693294,1,522,2
4693295,1,545,4
4693296,1,545,5
4693297,1,522,4
4693298,1,522,6
4693299,1,545,16
4693300,1,522,7
4693301,1,522,10
4693302,1,522,11
4693303,1,545,23
4693304,1,522,13
4693305,1,522,16
4693306,1,541,1
4693307,1,541,2
4693308,1,541,3
4693309,1,541,4
4693310,1,541,5
4693311,1,541,8
4693312,1,550,4
4693313,1,542,1
4693314,1,542,2
4693315,1,542,3
4693316,1,542,5
4693317,1,542,6
4693318,1,542,8
4693319,1,542,10
4693320,1,542,11
4693321,1,542,12
4693322,1,542,13
4693323,1,542,14
4693324,1,542,15
4693325,1,545,1
4693326,1,545,2
4693327,1,545,3
4693328,1,545,6
4693329,1,522,3
4693330,1,545,7
4693331,1,545,8
4693332,1,545,9
4693333,1,545,11
4693334,1,545,12
4693335,1,545,13
4693336,1,554,8
4693337,1,545,15
4693338,1,545,18
4693339,1,545,19
4693340,1,545,21
4693341,1,545,25
4693342,1,545,32
4693343,1,545,38
4693344,1,550,1
4693345,1,550,2
4693346,1,550,3
4693347,1,550,5
4693348,1,550,7
4693349,1,550,8
4693350,1,550,23
4693351,1,550,31
4693352,1,550,33
4693353,1,554,1
4693354,1,554,2
4693355,1,556,1
4693356,1,554,3
4693357,1,554,4
4693358,1,556,2
4693359,1,554,5
4693360,1,556,3
4693361,1,554,7
4693362,1,556,10
4693363,1,554,12
4693364,1,554,6
4693365,1,522,9
4693366,1,554,14
4693367,1,554,15
4693368,1,554,16
4693369,1,556,8
4693370,1,556,9
4693371,1,556,12
4693372,1,556,13
4693373,1,550,32
4693374,1,212,32
4693375,1,212,29
4693376,1,212,33
4693377,1,886,2
4693378,1,545,14
4693379,1,545,22
4693380,1,541,6
4693381,1,212,26
4693382,1,212,27
4693383,1,216,4
4693384,1,257,1
4693385,1,252,4
4693386,1,218,10
4693387,1,212,5
4693388,1,212,9
4693389,1,212,12
4693390,1,212,16
4693391,1,212,17
4693392,1,212,18
4693393,1,218,1
4693394,1,218,6
4693395,1,218,8
4693396,1,218,9
4693397,1,212,6
4693398,1,218,5
4693399,1,255,7
4693400,1,255,14
4693401,1,891,2
4693402,1,892,2
4693403,1,894,2
4693404,1,893,2
4693405,1,895,2
4693406,1,982,2
4693407,1,986,2
4693408,1,540,8
4693409,1,540,1
4693410,1,540,2
4693411,1,540,3
4693412,1,540,5
4693413,1,540,6
4693414,1,540,7
4693415,1,550,10
4693416,1,550,11
4693417,1,550,12
4693418,1,550,14
4693419,1,550,16
4693420,1,550,9
4693421,1,550,13
4693422,1,550,15
4693423,1,550,18
4693424,1,550,19
4693425,1,545,20
4693426,1,550,17
4693427,1,522,8
4693428,1,522,14
4693429,1,522,18
4693430,1,522,20
4693431,1,545,24
4693432,1,545,33
4693433,1,545,36
4693434,1,545,37
4693435,1,545,35
4693436,1,522,23
4693437,1,545,30
4693438,1,545,27
4693439,1,550,29
4693440,1,556,11
4693441,1,257,2
4693442,1,255,27
4693443,1,672,1
4693444,1,672,2
4693445,1,672,3
4693446,1,672,4
4693447,1,672,6
4693448,1,672,7
4693449,1,672,9
4693450,1,672,11
4693451,1,672,12
4693452,1,672,14
4693453,1,672,15
4693454,1,672,13
4693455,1,672,16
4693456,1,672,17
4693457,1,672,18
4693458,1,556,5
4693459,1,554,9
4693460,1,216,9
4693461,1,212,31
4693462,1,255,19
4693463,1,541,10
4693464,1,542,9
4693465,1,541,7
4693466,1,542,7
4693467,1,542,4
4693468,1,545,17
4693469,1,545,28
4693470,1,545,29
4693471,1,522,5
4693472,1,522,24
4693473,1,522,19
4693474,1,522,22
4693475,1,545,10
4693476,1,550,6
4693477,1,550,26
4693478,1,550,28
4693479,1,541,9
4693480,1,541,11
4693481,1,550,20
4693482,1,550,24
4693483,1,550,36
4693484,1,550,34
4693485,1,550,27
4693486,1,554,10
4693487,1,522,15
4693488,1,550,30
4693489,1,550,35
4693490,1,550,21
4693491,1,550,25
4693492,1,556,7
4693493,1,255,26
4693494,1,255,29
4693495,1,255,28
4693496,1,219,9
4693497,1,212,11
4693498,1,311,5
4693499,1,255,17
4693500,1,311,3
4693501,1,212,13
4693502,1,311,6
4693503,1,218,7
4693504,2,212,15
4693505,1,311,9
4693506,1,257,5
4693507,1,216,10
4693508,1,672,10
4693509,1,672,5
4693510,1,672,8
4693511,1,212,35
4693512,1,554,11
4693513,1,556,6
4693514,1,255,12
4693515,1,889,2
4693516,1,823,60
4693517,1,824,60
4693518,1,886,60
4693519,1,887,60
4693520,1,888,60
4693523,1,889,60
4693528,1,893,60
4693530,1,895,60
4699696,1,12,2
4699697,1,12,3
4699698,1,12,4
4699699,1,12,1
4699700,1,47,1
4699701,1,7,1
4699702,1,7,2
4699703,1,7,3
4699704,1,7,4
4699705,1,7,5
4699706,1,7,6
4699707,1,7,7
4699708,1,7,8
4699709,1,7,9
4699710,1,7,10
4699711,1,7,11
4699712,1,7,12
4699713,1,7,13
4699714,1,7,14
4699715,1,7,15
4699716,1,7,16
4699717,1,7,17
4699718,1,7,18
4699719,1,7,19
4699720,1,7,20
4699721,1,7,21
4699722,1,44,1
4699723,1,44,2
4699724,1,44,3
4699725,1,44,4
4699726,1,44,5
4699727,1,44,6
4699728,1,44,7
4699729,1,44,8
4699730,1,44,9
4699731,1,120,1
4699732,1,120,2
4699733,1,120,3
4699734,1,120,4
4699735,1,120,5
4699736,1,120,6
4699737,1,120,7
4699738,1,120,8
4699739,1,120,9
4699740,1,120,10
4699741,1,120,11
4699742,1,120,12
4699743,1,120,13
4699744,1,120,14
4699745,1,120,15
4699746,1,120,16
4699747,1,120,17
4699748,1,120,18
4699749,1,36,1
4699750,1,36,2
4699751,1,36,3
4699752,1,36,4
4699753,1,36,5
4699754,1,36,6
4699755,1,36,10
4699756,1,36,11
4699757,1,70,2
4699758,1,70,3
4699759,1,70,4
4699760,1,70,5
4699761,1,70,6
4699762,1,70,7
4699763,1,10,1
4699764,1,10,2
4699765,1,10,3
4699766,1,10,4
4699767,1,36,7
4699768,1,36,8
4699769,1,36,9
4699770,1,2,2
4699771,1,2,4
4699772,1,2,5
4699773,1,2,6
4699774,1,2,8
4699775,1,2,9
4699776,1,1,1
4699777,1,1,2
4699778,1,1,4
4699779,1,1,5
4699780,1,1,6
4699781,1,1,7
4699782,1,70,1
4699783,1,3,7
4699784,1,3,8
4699785,1,3,9
4699786,1,3,6
4699787,1,3,5
4699788,1,3,3
4699789,1,3,2
4699790,1,3,1
4699791,1,3,4
4699792,1,3,10
4699793,1,1,3
4699794,1,2,3
4699795,1,2,7
4699796,1,2,1
4699797,1,12,1
4699798,1,47,1
4699799,1,12,2
4699800,1,7,1
4699801,1,7,2
4699802,1,7,3
4699803,1,7,4
4699804,1,7,5
4699805,1,7,6
4699806,1,7,7
4699807,1,7,8
4699808,1,7,9
4699809,1,7,10
4699810,1,7,11
4699811,1,7,12
4699812,1,7,13
4699813,1,7,14
4699814,1,7,15
4699815,1,7,16
4699816,1,7,17
4699817,1,7,18
4699818,1,7,19
4699819,1,7,20
4699820,1,44,2
4699821,1,44,3
4699822,1,44,4
4699823,1,44,5
4699824,1,44,6
4699825,1,44,7
4699826,1,44,1
4699827,1,120,2
4699828,1,120,3
4699829,1,120,4
4699830,1,120,5
4699831,1,120,6
4699832,1,120,7
4699833,1,120,1
4699834,1,36,1
4699835,1,36,2
4699836,1,36,3
4699837,1,36,4
4699838,1,36,5
4699839,1,36,6
4699840,1,36,7
4699841,1,36,8
4699842,1,36,9
4699843,1,10,1
4699844,1,10,2
4699845,1,10,3
4699846,1,10,4
4699847,1,1,1
4699848,1,1,2
4699849,1,1,3
4699850,1,1,4
4699851,1,1,5
4699852,1,70,2
4699853,1,70,6
4699854,1,70,1
4699855,1,70,4
4699856,1,70,5
4699857,1,70,3
4699858,1,2,1
4699859,1,2,2
4699860,1,2,3
4699861,1,2,4
4699862,1,3,1
4699863,1,3,2
4699864,1,3,3
4699865,1,3,4
4699866,1,3,5
4699867,1,3,6
4699868,1,3,7
4699869,1,3,8
4699870,1,3,9
4699871,1,12,1
4699872,1,12,2
4699873,1,12,3
4699874,1,12,4
4699875,1,12,5
4699876,1,12,6
4699877,1,12,7
4699878,1,12,8
4699879,1,12,9
4699880,1,12,10
4699881,1,36,1
4699882,1,36,2
4699883,1,36,3
4699884,1,36,6
4699885,1,36,8
4699886,1,36,9
4699887,1,36,10
4699888,1,36,11
4699889,1,36,12
4699890,1,36,13
4699891,1,36,14
4699892,1,36,17
4699893,1,36,19
4699894,1,36,21
4699895,1,36,23
4699896,1,47,1
4699897,1,47,2
4699898,1,47,3
4699899,1,36,4
4699900,1,36,7
4699901,1,120,28
4699902,2,120,1
4699903,1,120,3
4699904,1,120,4
4699905,2,120,5
4699906,1,120,6
4699907,1,120,7
4699908,1,120,8
4699909,1,120,9
4699910,1,120,10
4699911,1,120,11
4699912,1,120,12
4699913,1,120,13
4699914,1,120,14
4699915,1,120,15
4699916,1,120,16
4699917,1,120,17
4699918,1,120,18
4699919,1,120,21
4699920,1,120,22
4699921,1,120,23
4699922,1,120,24
4699923,1,120,25
4699924,2,120,26
4699925,1,120,27
4699926,1,120,29
4699927,1,120,30
4699928,1,120,31
4699929,1,120,32
4699930,1,120,33
4699931,1,10,1
4699932,1,10,10
4699933,1,10,2
4699934,1,10,3
4699935,1,10,4
4699936,1,10,5
4699937,1,10,6
4699938,1,10,7
4699939,1,10,8
4699940,1,10,9
4699941,1,36,20
4699942,1,120,2
4699943,1,120,19
4699944,1,36,15
4699945,1,36,16
4699946,1,36,22
4699947,1,2,2
4699948,1,2,1
4699949,1,2,3
4699950,1,2,4
4699951,1,2,5
4699952,1,2,6
4699953,1,2,7
4699954,1,2,8
4699955,1,2,9
4699956,1,2,10
4699957,1,2,11
4699958,1,2,13
4699959,1,2,14
4699960,1,2,15
4699961,1,2,17
4699962,1,2,18
4699963,1,2,19
4699964,1,2,12
4699965,1,3,2
4699966,1,3,4
4699967,1,3,5
4699968,1,3,8
4699969,1,3,9
4699970,1,3,10
4699971,1,3,7
4699972,1,3,11
4699973,1,3,12
4699974,1,3,13
4699975,1,3,16
4699976,1,3,15
4699977,1,3,17
4699978,1,3,18
4699979,1,3,19
4699980,1,3,21
4699981,1,3,24
4699982,1,2,16
4699983,1,3,6
4699984,1,3,20
4699985,1,1,1
4699986,1,1,2
4699987,1,1,3
4699988,1,1,4
4699989,1,1,5
4699990,1,1,6
4699991,1,1,7
4699992,1,1,8
4699993,1,1,9
4699994,1,1,10
4699995,1,1,11
4699996,1,1,12
4699997,1,1,13
4699998,1,3,1
4699999,1,3,3
4700000,1,70,19
4700001,1,70,18
4700002,1,70,13
4700003,1,70,10
4700004,1,70,16
4700005,1,70,15
4700006,1,70,8
4700007,1,70,12
4700008,1,70,3
4700009,1,70,11
4700010,1,70,9
4700011,1,70,5
4700012,1,70,7
4700013,1,70,1
4700014,1,70,4
4700015,1,70,14
4700016,1,70,17
4700017,1,70,2
4700018,1,44,1
4700019,1,70,6
4700020,1,70,20
4700021,1,36,18
4700022,1,36,5
4700023,1,3,22
4700024,1,3,14
4700025,1,44,5
4700026,1,44,9
4700027,1,44,10
4700028,1,44,12
4700029,1,44,19
4700030,1,44,2
4700031,1,44,3
4700032,1,44,4
4700033,1,44,6
4700034,1,44,7
4700035,1,44,8
4700036,1,44,11
4700037,1,44,13
4700038,1,44,14
4700039,1,44,15
4700040,1,44,16
4700041,1,44,17
4700042,1,44,18
4700043,1,44,20
4700044,1,3,25
4700045,1,7,31
4700046,1,7,33
4700047,1,7,26
4700048,1,7,30
4700049,1,7,29
4700050,1,7,32
4700051,1,7,23
4700052,1,7,28
4700053,1,7,25
4700054,1,7,24
4700055,1,7,21
4700056,1,7,22
4700057,1,7,18
4700058,1,7,19
4700059,1,7,20
4700060,1,7,15
4700061,1,7,13
4700062,1,7,14
4700063,1,7,12
4700064,1,7,11
4700065,1,7,10
4700066,1,7,9
4700067,1,7,7
4700068,1,7,6
4700069,1,7,8
4700070,1,7,4
4700071,1,7,3
4700072,1,7,2
4700073,1,7,5
4700074,1,7,17
4700075,1,7,1
4700076,1,3,23
4700077,1,7,27
4700078,1,2,20
4700079,1,7,16
4700081,1,12,1
4700082,1,12,2
4700083,1,12,3
4700084,1,12,4
4700085,1,12,5
4700086,1,12,6
4700087,1,12,7
4700088,1,12,8
4700089,1,12,9
4700090,1,12,10
4700091,1,36,1
4700092,1,36,2
4700093,1,36,3
4700094,1,36,6
4700095,1,36,8
4700096,1,36,9
4700097,1,36,10
4700098,1,36,11
4700099,1,36,12
4700100,1,36,13
4700101,1,36,14
4700102,1,36,17
4700103,1,36,19
4700104,1,36,21
4700105,1,36,23
4700106,1,47,1
4700107,1,47,2
4700108,1,47,3
4700109,1,36,4
4700110,1,36,7
4700111,1,120,28
4700112,1,120,1
4700113,1,120,3
4700114,1,120,4
4700115,2,120,5
4700116,2,120,6
4700117,1,120,7
4700118,1,120,8
4700119,1,120,9
4700120,2,120,10
4700121,1,120,11
4700122,1,120,12
4700123,1,120,13
4700125,1,120,15
4700126,1,120,16
4700127,1,120,17
4700129,1,120,21
4700130,1,120,22
4700132,2,120,24
4700133,1,120,25
4700134,1,120,26
4700136,1,120,29
4700138,1,120,31
4700140,1,120,33
4700141,1,10,1
4700142,1,10,10
4700143,1,10,2
4700144,1,10,3
4700145,1,10,4
4700146,1,10,5
4700147,1,10,6
4700148,1,10,7
4700149,1,10,8
4700150,1,10,9
4700151,1,36,20
4700152,1,120,2
4700153,1,120,19
4700154,1,36,15
4700155,1,36,16
4700156,1,36,22
4700157,1,2,2
4700158,1,2,1
4700159,1,2,3
4700160,1,2,4
4700161,1,2,5
4700162,1,2,6
4700163,1,2,7
4700164,1,2,8
4700165,1,2,9
4700166,1,2,10
4700167,1,2,11
4700168,1,2,13
4700169,1,2,14
4700170,1,2,15
4700171,1,2,17
4700172,1,2,18
4700173,1,2,19
4700174,1,2,12
4700175,1,3,2
4700176,1,3,4
4700177,1,3,5
4700178,1,3,8
4700179,1,3,9
4700180,1,3,10
4700181,1,3,7
4700182,1,3,11
4700183,1,3,12
4700184,1,3,13
4700185,1,3,16
4700186,1,3,15
4700187,1,3,17
4700188,1,3,18
4700189,1,3,19
4700190,2,3,21
4700191,1,3,24
4700192,1,2,16
4700193,1,3,6
4700194,1,3,20
4700195,1,1,1
4700196,1,1,2
4700197,1,1,3
4700198,1,1,4
4700199,1,1,5
4700200,1,1,6
4700201,1,1,7
4700202,1,1,8
4700203,1,1,9
4700204,1,1,10
4700205,1,1,11
4700206,1,1,12
4700207,1,1,13
4700208,1,3,1
4700209,1,3,3
4700210,1,70,19
4700211,1,70,18
4700212,1,70,13
4700213,1,70,10
4700214,1,70,16
4700215,1,70,15
4700216,1,70,8
4700217,1,70,12
4700218,1,70,3
4700219,1,70,11
4700220,1,70,9
4700221,1,70,5
4700222,1,70,7
4700223,1,70,1
4700224,1,70,4
4700225,1,70,14
4700226,1,70,17
4700227,1,70,2
4700228,1,44,1
4700229,1,70,6
4700230,1,70,20
4700231,1,36,18
4700232,1,36,5
4700233,1,3,22
4700234,1,3,14
4700235,1,44,5
4700236,1,44,9
4700237,1,44,10
4700238,1,44,12
4700239,1,44,19
4700240,1,44,2
4700241,1,44,3
4700242,1,44,4
4700243,1,44,6
4700244,1,44,7
4700245,1,44,8
4700246,1,44,11
4700247,1,44,13
4700248,1,44,14
4700249,1,44,15
4700250,1,44,16
4700251,1,44,17
4700252,1,44,18
4700253,1,44,20
4700254,1,3,25
4700255,1,7,31
4700256,1,7,33
4700258,2,7,30
4700259,1,7,29
4700260,1,7,32
4700261,1,7,23
4700262,1,7,28
4700263,1,7,25
4700264,1,7,24
4700265,1,7,21
4700266,1,7,22
4700267,1,7,18
4700268,1,7,19
4700269,1,7,20
4700270,1,7,15
4700271,1,7,13
4700272,1,7,14
4700273,1,7,12
4700274,1,7,11
4700275,1,7,10
4700276,1,7,9
4700277,1,7,7
4700278,1,7,6
4700279,1,7,8
4700280,1,7,4
4700281,1,7,3
4700282,1,7,2
4700283,1,7,5
4700284,1,7,17
4700285,1,7,1
4700286,1,3,23
4700287,1,7,27
4700288,1,2,20
4700289,1,7,16
4700952,1,930,1
4700953,1,930,2
4700954,1,930,4
4700955,1,930,5
4700956,1,930,3
4700957,1,930,6
4700958,1,917,1
4700959,1,914,1
4700960,1,914,2
4700961,1,914,3
4700962,1,910,1
4700963,1,908,1
4700964,1,913,1
4700965,1,913,3
4700966,1,913,4
4700967,1,931,2
4700968,1,931,3
4700969,1,931,4
4700970,1,931,7
4700971,1,931,8
4700972,1,931,1
4700973,1,975,1
4700974,1,975,2
4700975,1,906,1
4700976,1,906,2
4700977,1,629,2
4700978,1,629,1
4700979,1,931,6
4700980,1,931,5
4700981,1,628,1
4700982,1,628,2
4700983,1,628,4
4700984,1,628,5
4700985,1,628,6
4700986,1,630,2
4700987,1,630,3
4700988,1,630,4
4700989,1,630,5
4700990,1,630,6
4700991,1,630,1
4700992,1,631,1
4700993,1,901,1
4700994,1,903,1
4700995,1,903,2
4700996,1,903,3
4700997,1,903,4
4700998,1,903,5
4700999,1,903,6
4701000,1,903,7
4701001,1,903,8
4701002,1,903,9
4701003,1,628,3
4701004,1,915,1
4701005,1,915,2
4701006,1,632,1
4701007,1,973,1
4701008,1,907,1
4701009,1,907,2
4701011,1,913,2
4701012,1,773,1
4701013,1,775,2
4701014,1,973,2
4701015,1,773,2
4701016,1,775,1
4701017,1,914,2
4701018,1,914,1
4701019,1,914,3
4701020,1,917,1
4701021,1,910,1
4701022,1,908,1
4701023,1,915,1
4701024,1,906,1
4701025,1,906,2
4701026,1,903,2
4701027,1,903,1
4701031,1,903,1
4701032,1,903,2
4701042,1,917,1
4701043,1,914,1
4701044,1,914,2
4701045,1,914,3
4701046,1,910,1
4701047,1,908,1
4701048,1,913,1
4701049,1,913,3
4701050,1,913,4
4701051,1,931,2
4701056,1,931,1
4701057,1,975,1
4701058,1,975,2
4701059,1,906,1
4701060,1,906,2
4701061,1,629,2
4701062,1,629,1
4701063,1,931,6
4701064,1,931,5
4701065,1,628,1
4701066,1,628,2
4701067,1,628,4
4701068,1,628,5
4701069,1,628,6
4701070,1,630,2
4701071,1,630,3
4701072,1,630,4
4701073,1,630,5
4701074,1,630,6
4701075,1,630,1
4701076,1,631,1
4701077,1,901,1
4701078,1,903,1
4701079,1,903,2
4701080,1,903,3
4701081,1,903,4
4701082,1,903,5
4701083,1,903,6
4701084,1,903,7
4701085,1,903,8
4701086,1,903,9
4701087,1,628,3
4701088,1,915,1
4701089,1,915,2
4701090,1,632,1
4701091,1,973,1
4701093,1,907,2
4701095,1,913,2
4701096,1,773,1
4701097,1,775,2
4701098,1,973,2
4701099,1,773,2
4701100,1,775,1
